1
16
2

2
32
3

4
16
5

5
36
6

7
16
8

8
36
9

10
7
11

11
10
12

13
7
14

14
10
15

16
18
17

17
36
18

19
20
20

21
20
22

23
22
24

25
0
26
Thunderstone
27
22
28

29
16
30

32
16
30

30
0
31
Moon stone
29
16
33

32
16
33

33
0
34
Moon stone
35
0
36
Moon stone
37
0
38
Fire stone
39
0
40
Moon stone
41
22
42

43
21
44

44
0
45
Leaf Stone
46
24
47

48
31
49

50
26
51

52
28
53

54
33
55

56
28
57

58
0
59
Fire stone
60
25
61

61
0
62
Water Stone
63
16
64

64
0
65
Trade
66
28
67

67
0
68
Trade
69
21
70

70
0
71
Leaf Stone
72
30
73

74
25
75

75
0
76
Trade
77
40
78

79
37
80

81
30
82

84
31
85

86
34
87

88
38
89

90
0
91
Water Stone
92
25
93

93
0
94
Trade
96
26
97

98
28
99

100
30
101

102
0
103
Leaf Stone
104
28
105

109
35
110

111
42
112

116
32
117

118
33
119

120
0
121
Water Stone
129
20
130

133
0
134
Water Stone
133
0
135
Thunderstone
133
0
136
Fire stone
138
40
139

140
40
141

147
30
148

148
55
149

