1
0
412
1
4
162
1
7
216
1
10
444
1
15
288
1
15
366
1
20
310
1
25
407
1
32
163
1
39
411
1
46
376
2
0
412
2
0
162
2
0
216
2
4
162
2
7
216
2
10
444
2
15
288
2
15
366
2
22
310
2
29
407
2
38
163
2
47
411
2
56
376
3
0
412
3
0
162
3
0
216
3
0
444
3
4
162
3
7
216
3
10
444
3
15
288
3
15
366
3
22
310
3
29
407
3
41
163
3
53
411
3
65
376
4
0
340
4
0
162
4
7
113
4
13
372
4
19
307
4
25
339
4
31
136
4
37
365
4
43
102
4
49
132
5
0
340
5
0
162
5
7
113
5
13
372
5
20
307
5
27
339
5
34
136
5
41
365
5
48
102
5
55
132
6
0
340
6
0
162
6
0
372
6
7
113
6
13
372
6
20
307
6
27
339
6
34
136
6
36
457
6
44
365
6
54
102
6
64
132
7
0
412
7
4
414
7
7
45
7
10
459
7
13
448
7
18
32
7
23
309
7
28
296
7
33
308
7
40
360
7
47
189
8
0
412
8
0
414
8
0
45
8
4
414
8
7
45
8
10
459
8
13
448
8
19
32
8
25
309
8
31
296
8
37
308
8
45
360
8
53
189
9
0
412
9
4
414
9
7
45
9
10
459
9
13
448
9
19
32
9
25
309
9
31
296
9
42
308
9
55
360
9
68
189
10
0
412
10
0
393
11
7
172
12
10
63
12
13
288
12
14
395
12
15
366
12
18
402
12
23
455
12
28
168
12
34
297
12
40
335
12
47
356
13
0
286
13
0
393
14
7
172
15
10
151
15
15
144
15
20
438
15
25
307
15
30
305
15
35
281
15
40
7
15
45
115
16
0
412
16
5
337
16
9
168
16
13
306
16
19
455
16
25
457
16
31
127
16
39
7
16
47
252
17
0
412
17
5
337
17
9
168
17
13
306
17
20
455
17
27
457
17
34
127
17
43
7
17
52
252
18
0
412
18
5
337
18
9
168
18
13
306
18
20
455
18
27
457
18
34
127
18
48
7
18
62
252
19
0
412
19
0
414
19
7
306
19
13
191
19
20
144
19
27
305
19
34
400
19
41
115
20
0
412
20
0
414
20
7
306
20
13
191
20
20
339
20
30
305
20
40
400
20
50
115
21
0
278
21
0
162
21
7
217
21
13
151
21
19
305
21
25
5
21
31
252
21
37
107
21
43
7
22
0
278
22
0
162
22
7
217
22
13
151
22
26
305
22
32
252
22
40
107
22
47
7
23
0
462
23
0
217
23
8
286
23
13
32
23
20
158
23
25
341
23
32
2
23
37
389
23
37
405
23
37
383
23
44
173
24
0
462
24
0
217
24
8
286
24
13
32
24
20
158
24
28
341
24
38
2
24
46
389
24
46
405
24
46
383
24
56
173
25
0
427
25
0
162
25
6
414
25
8
424
25
11
306
25
15
95
25
20
364
25
26
425
25
33
7
25
41
422
25
50
219
26
0
427
26
0
414
26
0
306
26
0
425
27
0
340
27
6
83
27
11
337
27
17
286
27
23
365
27
30
408
27
37
153
27
45
336
27
53
338
28
0
340
28
6
83
28
11
337
28
17
286
28
24
365
28
33
408
28
42
153
28
52
336
28
62
338
29
0
162
29
0
340
29
8
414
29
12
94
29
17
286
29
20
32
29
23
182
29
30
153
29
38
140
29
47
75
30
0
162
30
0
340
30
8
414
30
12
94
30
18
286
30
22
32
30
26
182
30
34
153
30
43
140
30
53
75
31
0
340
31
0
414
31
0
94
31
0
286
31
23
37
32
0
217
32
0
278
32
8
144
32
12
94
32
17
286
32
20
185
32
23
182
32
30
151
32
38
140
32
47
186
33
0
217
33
0
278
33
8
144
33
12
94
33
18
286
33
22
185
33
26
182
33
34
151
33
43
140
33
53
186
34
0
278
34
0
144
34
0
94
34
0
286
34
23
421
35
0
289
35
0
162
35
5
114
35
9
357
35
13
97
35
17
146
35
21
249
35
25
83
35
29
245
35
33
68
35
37
256
35
41
219
35
45
244
36
0
357
36
0
97
36
0
249
36
0
245
37
0
113
37
5
414
37
9
320
37
13
306
37
17
456
37
21
62
37
25
201
37
29
136
37
33
335
37
37
164
37
41
132
38
0
113
38
0
306
38
0
62
38
0
335
38
45
132
39
0
357
39
4
83
39
9
289
39
14
88
39
19
332
39
24
97
39
29
316
39
34
37
39
39
247
39
44
192
40
0
357
40
0
88
40
0
83
40
0
97
41
0
215
41
6
402
41
11
19
41
16
32
41
21
457
41
26
62
41
31
8
41
36
234
41
41
283
41
46
173
41
49
96
42
0
341
42
0
215
42
0
402
42
0
19
42
6
402
42
11
19
42
16
32
42
21
457
42
28
62
42
35
8
42
42
234
42
49
283
42
56
173
43
0
1
43
7
407
43
14
288
43
16
395
43
18
366
43
23
2
43
32
256
43
39
280
44
0
1
44
0
407
44
0
288
44
7
407
44
14
288
44
16
395
44
18
366
44
24
2
44
35
256
44
44
280
45
0
1
45
0
16
45
0
395
45
0
236
45
44
280
46
0
340
46
7
395
46
13
288
46
19
215
46
25
386
46
31
365
46
37
163
46
43
156
46
49
16
47
0
340
47
0
395
47
0
288
47
7
395
47
13
288
47
19
215
47
27
386
47
35
365
47
43
163
47
51
156
47
59
16
48
0
412
48
0
88
48
0
148
48
9
402
48
17
63
48
20
288
48
25
215
48
28
395
48
33
297
48
36
366
48
41
299
49
0
356
49
0
412
49
0
88
49
0
148
49
9
402
49
17
63
49
20
288
49
25
215
49
28
395
49
31
168
49
36
297
49
42
366
49
52
299
50
0
340
50
0
337
50
5
162
50
9
232
50
17
87
50
25
261
50
33
365
50
41
110
50
49
133
51
0
433
51
0
340
51
0
337
51
5
162
51
9
232
51
17
87
51
25
261
51
26
336
51
38
365
51
51
110
51
64
133
52
0
340
52
0
162
52
11
32
52
20
276
52
28
123
52
35
341
52
41
153
52
46
365
52
50
124
53
0
340
53
0
162
53
11
32
53
20
276
53
29
123
53
38
341
53
46
153
53
53
365
53
59
124
54
0
450
54
0
340
54
5
414
54
10
88
54
16
63
54
23
341
54
31
298
54
40
153
54
50
189
55
0
450
55
0
340
55
5
414
55
10
88
55
16
63
55
23
341
55
31
298
55
44
153
55
58
189
56
0
340
56
0
217
56
9
222
56
15
208
56
21
153
56
27
144
56
33
345
56
39
73
56
45
341
56
51
421
57
0
340
57
0
217
57
9
222
57
15
208
57
21
153
57
27
144
57
28
307
57
36
345
57
45
73
57
54
341
57
63
421
58
0
32
58
0
320
58
7
113
58
13
217
58
19
271
58
25
416
58
31
135
58
37
182
58
43
7
58
49
136
59
0
32
59
0
320
59
0
113
59
0
271
59
49
121
60
0
45
60
7
193
60
13
448
60
19
97
60
25
308
60
31
37
60
37
29
60
43
189
61
0
45
61
0
193
61
0
448
61
7
193
61
13
448
61
19
97
61
27
308
61
35
37
61
43
29
61
51
189
62
0
448
62
0
193
62
0
97
62
0
396
62
35
396
62
51
248
63
0
419
64
0
419
64
0
209
64
16
63
64
18
88
64
21
297
64
23
314
64
25
312
64
30
154
64
33
330
64
36
299
64
43
434
65
0
419
65
0
209
65
16
63
65
18
88
65
21
297
65
23
314
65
25
312
65
30
154
65
33
52
65
36
299
65
43
434
66
0
222
66
0
217
66
7
144
66
13
208
66
19
345
66
22
148
66
25
318
66
31
445
66
37
396
66
40
73
66
43
339
66
49
108
67
0
222
67
0
217
67
7
144
67
13
208
67
19
345
67
22
148
67
25
318
67
33
445
67
41
396
67
46
73
67
51
339
67
59
108
68
0
222
68
0
217
68
7
144
68
13
208
68
19
345
68
22
148
68
25
318
68
33
445
68
41
396
68
46
73
68
51
339
68
59
108
69
0
444
69
6
163
69
11
462
69
15
366
69
17
288
69
19
395
69
23
2
69
30
407
69
37
310
69
45
364
70
0
444
70
6
163
70
11
462
70
15
366
70
17
288
70
19
395
70
24
2
70
33
407
70
42
310
70
54
364
71
0
444
71
0
366
71
0
407
71
0
310
72
0
286
72
6
402
72
12
64
72
19
2
72
25
46
72
30
462
72
36
26
72
43
341
72
49
189
73
0
286
73
6
402
73
12
64
73
19
2
73
25
46
73
30
462
73
38
26
73
47
341
73
55
189
74
0
412
74
0
83
74
6
260
74
11
327
74
16
232
74
21
346
74
26
332
74
31
322
74
36
110
74
41
119
74
46
96
75
0
412
75
0
83
75
6
260
75
11
327
75
16
232
75
21
346
75
29
332
75
37
322
75
45
110
75
53
119
75
62
96
76
0
412
76
0
83
76
6
260
76
11
327
76
16
232
76
21
346
76
29
332
76
37
322
76
45
110
76
53
119
76
62
96
77
0
412
77
5
162
77
9
414
77
14
113
77
19
390
77
25
132
77
31
416
77
38
7
77
45
41
77
53
129
78
0
412
78
5
162
78
9
414
78
14
113
78
19
390
78
25
132
78
31
416
78
38
7
78
40
151
78
50
41
78
63
129
79
0
78
79
0
465
79
0
412
79
6
162
79
15
448
79
20
63
79
29
88
79
34
175
79
43
10
79
48
299
80
0
78
80
0
465
80
0
412
80
6
162
80
15
448
80
20
63
80
29
88
80
34
175
80
37
459
80
46
10
80
54
299
81
0
243
81
0
412
81
6
427
81
11
402
81
16
377
81
21
424
81
26
379
81
32
220
81
38
408
81
44
341
81
50
466
82
0
243
82
0
412
82
0
427
82
0
402
82
6
427
82
11
402
82
16
377
82
21
424
82
26
379
82
35
220
82
44
433
82
53
341
82
62
466
83
0
278
83
6
337
83
11
217
83
16
151
83
21
210
83
26
152
83
31
410
83
36
7
83
41
365
83
46
126
84
0
278
84
0
162
84
9
305
84
13
151
84
21
433
84
25
307
84
33
441
84
37
107
84
45
7
85
0
278
85
0
162
85
9
305
85
13
151
85
21
433
85
25
307
85
38
441
85
47
107
85
60
7
86
21
23
86
29
316
86
37
416
86
41
195
86
49
335
87
0
175
87
9
162
87
17
200
87
21
23
87
29
316
87
34
353
87
42
416
87
51
195
87
64
335
88
0
284
88
0
289
88
4
172
88
8
88
88
13
368
88
19
249
88
26
341
88
34
3
88
43
369
88
53
240
89
0
284
89
0
289
89
4
172
89
8
88
89
13
368
89
19
249
89
26
341
89
34
3
89
47
369
89
61
240
90
0
412
90
0
459
90
9
402
90
17
23
90
25
296
90
33
217
90
41
59
90
49
195
91
0
459
91
0
402
91
0
23
91
0
296
91
33
382
91
41
381
92
0
193
92
0
218
92
8
384
92
13
234
92
16
78
92
21
267
92
28
62
92
33
106
92
36
85
93
0
193
93
0
218
93
8
384
93
13
234
93
16
78
93
21
267
93
25
350
93
31
62
93
39
106
93
48
85
94
0
193
94
0
218
94
8
384
94
13
234
94
16
78
94
21
267
94
25
350
94
31
62
94
39
106
94
48
85
95
0
412
95
0
341
95
9
31
95
13
327
95
21
172
95
25
307
95
33
338
95
37
364
95
45
205
95
49
336
95
57
96
96
0
289
97
0
193
97
10
88
97
18
63
97
25
175
97
31
284
97
36
235
97
40
299
97
43
298
97
45
154
98
0
45
98
5
217
98
12
443
98
16
172
98
23
259
98
27
390
98
34
166
98
41
296
98
45
72
99
0
45
99
5
217
99
12
443
99
16
172
99
23
259
99
27
390
99
38
166
99
49
296
99
57
72
100
0
55
100
0
412
100
8
341
100
15
377
100
21
379
100
27
346
100
32
332
100
37
219
100
42
408
100
46
119
100
49
251
101
0
55
101
0
412
101
8
341
101
15
377
101
21
379
101
27
346
101
34
332
101
41
219
101
48
408
101
54
119
101
59
251
102
0
25
102
0
441
102
0
193
102
7
314
102
13
216
102
19
63
102
25
395
102
31
288
102
37
366
102
43
376
103
0
25
103
0
193
103
0
63
103
19
390
103
31
111
104
0
162
104
5
414
104
9
38
104
13
175
104
17
217
104
21
144
104
25
40
104
29
307
104
33
126
104
37
421
104
41
39
104
45
96
105
0
162
105
5
414
105
9
38
105
13
175
105
17
217
105
21
144
105
25
40
105
32
307
105
39
126
105
46
421
105
53
39
105
61
96
106
0
318
106
0
94
106
6
235
106
11
331
106
16
207
106
20
43
106
21
144
106
26
183
106
31
248
106
36
148
106
41
116
106
46
237
106
51
319
107
0
318
107
0
61
107
7
7
107
13
305
107
20
226
107
26
426
107
26
197
107
26
131
107
32
362
107
38
238
107
44
86
107
50
70
108
0
218
108
7
402
108
12
83
108
18
210
108
23
390
108
29
462
108
34
88
108
40
364
108
45
341
108
51
315
109
0
284
109
0
412
109
9
371
109
17
346
109
21
368
109
25
372
109
33
173
109
41
119
109
45
85
109
49
240
110
0
284
110
0
412
110
0
371
110
0
346
110
9
371
110
17
346
110
21
368
110
25
372
110
33
173
110
44
119
110
51
85
110
58
240
111
0
185
111
0
414
111
10
390
111
15
151
111
24
339
111
29
322
111
38
186
111
43
416
111
52
110
111
57
239
112
0
185
112
0
414
112
0
390
112
0
151
112
10
390
112
15
151
112
24
339
112
29
322
112
38
186
112
46
416
112
58
110
112
66
239
113
0
289
113
0
162
113
5
414
113
9
315
113
13
375
113
17
97
113
23
249
113
29
357
113
35
111
113
41
83
113
49
219
113
57
96
114
0
202
114
0
64
114
4
366
114
10
1
114
13
163
114
19
288
114
22
444
114
28
31
114
31
236
114
37
395
114
40
364
114
46
428
115
0
61
115
0
217
115
7
32
115
13
414
115
19
124
115
25
238
115
31
307
115
37
116
115
43
91
115
49
319
116
0
45
116
8
372
116
15
217
116
22
448
116
29
439
116
36
7
116
43
189
116
50
100
117
0
45
117
8
372
117
15
217
117
22
448
117
29
439
117
40
7
117
51
189
117
62
100
118
0
278
118
0
414
118
0
450
118
10
402
118
15
185
118
24
134
118
29
151
118
38
452
118
43
186
118
52
7
119
0
278
119
0
414
119
0
450
119
10
402
119
15
185
119
24
134
119
29
151
119
41
452
119
49
186
119
61
7
120
0
412
120
0
172
120
6
448
120
10
309
120
15
312
120
19
53
120
24
408
120
28
46
120
33
249
120
37
219
120
42
68
120
46
189
121
0
448
121
0
309
121
0
312
121
0
408
121
33
62
122
0
26
122
5
63
122
9
397
122
13
235
122
17
97
122
21
219
122
21
314
122
25
114
122
29
297
122
33
313
122
37
434
122
41
330
122
45
299
122
49
27
122
53
335
123
0
306
123
0
217
123
6
144
123
11
305
123
16
126
123
21
7
123
26
457
123
31
365
123
36
410
123
41
95
123
46
152
124
0
289
124
0
218
124
0
221
124
0
290
124
9
221
124
13
290
124
21
97
124
25
197
124
35
234
124
41
125
124
51
37
124
57
279
124
67
35
125
0
306
125
0
217
125
0
426
125
9
426
125
17
219
125
25
408
125
36
341
125
47
425
125
58
422
126
0
113
126
7
217
126
13
371
126
19
131
126
25
372
126
33
399
126
41
136
126
49
62
126
57
129
127
0
443
127
0
144
127
7
31
127
13
345
127
19
172
127
25
318
127
31
43
127
37
166
127
43
396
127
49
410
128
0
412
128
4
414
128
8
307
128
13
185
128
19
339
128
26
305
128
34
316
128
43
421
128
53
416
129
0
385
129
15
412
129
30
134
130
0
421
130
20
32
130
25
102
130
30
217
130
35
439
130
40
189
130
45
308
130
50
100
130
55
190
131
0
162
131
0
357
131
7
254
131
13
37
131
19
62
131
25
279
131
31
195
131
37
308
131
43
335
131
49
189
131
55
353
132
0
432
133
0
412
133
0
414
133
0
182
133
8
337
133
16
162
133
23
306
133
30
32
133
36
27
133
42
416
134
0
412
134
0
414
134
0
182
134
8
337
134
16
448
134
23
306
134
30
32
134
36
23
134
42
173
134
47
3
134
52
189
135
0
412
135
0
414
135
0
182
135
8
337
135
16
427
135
23
306
135
30
94
135
36
281
135
42
424
135
47
7
135
52
422
136
0
412
136
0
414
136
0
182
136
8
337
136
16
113
136
23
306
136
30
32
136
36
132
136
42
371
136
47
217
136
52
136
137
0
412
137
0
65
137
9
7
137
12
297
137
20
312
137
24
352
137
32
220
137
36
433
137
44
313
137
48
466
138
0
64
138
0
459
138
13
32
138
19
448
138
25
259
138
31
217
138
37
296
138
43
428
138
49
11
138
55
189
139
0
64
139
0
459
139
0
32
139
13
32
139
19
448
139
25
259
139
31
217
139
37
296
139
40
381
139
46
428
139
55
11
139
65
189
140
0
340
140
0
172
140
13
1
140
19
217
140
25
259
140
31
337
140
37
116
140
43
243
140
49
236
140
55
11
141
0
340
141
0
172
141
13
1
141
19
217
141
25
259
141
31
337
141
37
116
141
40
365
141
46
243
141
55
236
141
65
11
142
0
457
142
8
7
142
15
32
142
22
402
142
29
11
142
36
339
142
43
416
142
50
190
143
0
412
143
6
10
143
10
83
143
15
29
143
19
175
143
24
465
143
28
316
143
28
374
143
33
37
143
37
36
143
42
71
143
46
332
143
51
190
144
0
168
144
0
290
144
13
254
144
25
7
144
37
248
144
49
195
144
61
314
144
73
35
144
85
353
145
0
278
145
0
427
145
13
424
145
25
7
145
37
86
145
49
107
145
61
55
145
73
219
145
85
422
146
0
457
146
0
113
146
13
132
146
25
7
146
37
116
146
49
136
146
61
335
146
73
181
146
85
361
147
0
462
147
0
217
147
8
424
147
15
439
147
22
102
147
29
364
147
36
7
147
43
335
147
50
273
147
57
190
148
0
462
148
0
217
148
8
424
148
15
439
148
22
102
148
29
364
148
38
7
148
47
335
148
56
273
148
65
190
149
0
462
149
0
217
149
8
424
149
15
439
149
22
102
149
29
364
149
38
7
149
47
335
149
55
457
149
61
273
149
75
190
150
0
63
150
0
88
150
11
26
150
22
408
150
33
298
150
44
154
150
55
254
150
66
299
150
77
10
150
88
312
150
99
335
151
0
289
151
10
432
151
20
238
151
30
245
151
40
299
151
50
11
152
0
412
152
0
162
152
8
310
152
12
314
152
15
288
152
22
411
152
29
37
152
36
219
152
43
335
152
50
376
153
0
162
153
8
310
153
12
314
153
15
288
153
23
411
153
31
37
153
39
219
153
47
335
153
55
376
154
0
412
154
0
162
154
8
310
154
12
314
154
15
288
154
23
411
154
31
37
154
41
219
154
51
335
154
61
376
155
0
412
155
0
217
155
6
372
155
12
113
155
19
306
155
27
135
155
36
408
155
46
136
156
0
412
156
0
217
156
6
372
156
12
113
156
21
306
156
31
135
156
42
408
156
54
136
157
0
412
157
0
217
157
6
372
157
12
113
157
21
306
157
31
135
157
45
408
157
60
136
158
0
340
158
0
217
158
7
307
158
13
448
158
20
32
158
27
339
158
35
365
158
43
341
158
52
189
159
0
340
159
0
217
159
7
307
159
13
448
159
21
32
159
28
339
159
37
365
159
45
341
159
55
189
160
0
340
160
0
217
160
7
307
160
13
448
160
21
32
160
28
339
160
38
365
160
47
341
160
58
189
161
0
340
161
4
83
161
7
306
161
12
153
161
17
182
161
24
364
161
31
146
161
40
316
161
49
10
162
0
340
162
4
83
162
7
306
162
12
153
162
19
182
162
28
364
162
37
146
162
48
316
162
59
10
163
0
412
163
0
162
163
6
148
163
11
278
163
16
193
163
22
314
163
28
416
163
34
63
163
48
106
164
0
412
164
0
162
164
6
148
164
11
278
164
16
193
164
25
314
164
33
416
164
41
63
164
57
106
165
0
412
165
8
402
165
15
61
165
22
219
165
22
314
165
22
335
165
29
27
165
36
408
165
43
7
165
50
96
166
0
412
166
8
402
166
15
61
166
24
219
166
24
314
166
24
335
166
33
27
166
42
408
166
51
7
166
60
96
167
0
286
167
0
393
167
6
339
167
11
64
167
17
267
167
23
215
167
30
153
167
37
380
167
45
7
167
53
299
168
0
286
168
0
393
168
6
339
168
11
64
168
17
267
168
25
215
168
34
153
168
43
380
168
53
7
168
63
299
169
0
341
169
0
215
169
6
402
169
11
19
169
16
32
169
21
457
169
28
62
169
35
8
169
42
234
169
49
283
169
56
173
170
0
45
170
0
424
170
5
402
170
13
134
170
17
448
170
25
379
170
29
62
170
37
416
170
41
189
170
49
55
171
0
45
171
0
424
171
5
402
171
13
134
171
17
448
171
25
379
171
32
62
171
43
416
171
50
189
171
61
55
172
0
427
172
0
57
172
6
414
172
8
424
172
11
406
173
0
289
173
0
57
173
4
114
173
8
357
173
13
406
174
0
357
174
0
57
174
4
83
174
9
289
174
14
406
175
0
162
175
0
57
175
6
245
175
11
406
175
16
465
175
21
114
175
26
146
175
31
458
175
36
335
175
41
96
176
0
162
176
0
57
176
6
245
176
11
406
176
16
465
176
21
114
176
26
146
176
31
458
176
36
335
176
41
96
177
0
278
177
0
217
177
10
267
177
20
419
177
30
458
177
30
154
177
40
62
177
50
299
178
0
278
178
0
217
178
10
267
178
20
419
178
35
458
178
35
154
178
50
62
178
65
299
179
0
412
179
0
162
179
9
427
179
16
424
179
23
69
179
30
219
179
37
422
180
0
412
180
0
162
180
9
427
180
18
424
180
27
69
180
36
219
180
45
422
181
0
412
181
0
162
181
0
424
181
9
427
181
18
424
181
27
69
181
30
426
181
42
219
181
57
422
182
0
1
182
0
407
182
0
395
182
0
228
182
44
280
182
55
376
183
0
412
183
3
83
183
6
414
183
10
448
183
15
332
183
21
46
183
28
96
183
36
308
183
45
189
184
0
412
184
3
83
184
6
414
184
10
448
184
15
332
184
24
46
184
34
96
184
45
308
184
57
189
185
0
327
185
0
247
185
9
134
185
17
222
185
25
325
185
33
36
185
41
123
185
49
364
185
57
96
186
0
448
186
0
193
186
0
97
186
35
279
186
51
404
187
0
385
187
5
411
187
5
414
187
10
412
187
13
288
187
15
395
187
17
366
187
20
216
187
25
69
187
30
236
188
0
385
188
5
411
188
5
414
188
10
412
188
13
288
188
15
395
188
17
366
188
22
216
188
29
69
188
36
236
189
0
385
189
5
411
189
5
414
189
10
412
189
13
288
189
15
395
189
17
366
189
22
216
189
33
69
189
44
236
190
0
340
190
0
414
190
6
337
190
13
19
190
18
27
190
25
428
190
31
153
190
38
408
190
43
341
190
50
7
191
0
1
191
6
163
191
13
236
191
18
202
191
25
115
191
30
399
191
37
411
191
42
156
192
0
1
192
0
289
192
6
163
192
13
310
192
18
202
192
25
51
192
30
399
192
37
280
192
42
376
193
0
412
193
0
148
193
7
306
193
13
95
193
19
377
193
25
86
193
31
402
193
37
441
193
43
457
193
49
341
194
0
448
194
0
414
194
11
364
194
16
259
194
21
10
194
31
465
194
36
110
194
41
308
194
51
254
194
51
173
195
0
448
195
0
414
195
11
364
195
16
259
195
23
10
195
35
465
195
42
110
195
49
308
195
61
254
195
61
173
196
0
412
196
0
414
196
0
182
196
8
337
196
16
63
196
23
306
196
30
408
196
36
297
196
42
298
196
47
299
196
52
257
197
0
412
197
0
414
197
0
182
197
8
337
197
16
305
197
23
306
197
30
62
197
36
123
197
42
234
197
47
341
197
52
256
198
0
278
198
9
19
198
14
305
198
22
173
198
27
267
198
35
123
198
40
417
198
48
234
199
0
78
199
0
465
199
0
412
199
6
162
199
15
448
199
20
63
199
29
88
199
34
175
199
43
404
199
48
299
200
0
162
200
0
303
200
6
384
200
11
19
200
17
62
200
23
234
200
30
297
200
37
275
200
45
279
200
53
164
201
0
184
202
0
70
202
0
251
202
0
335
202
0
85
203
0
412
203
0
162
203
7
19
203
13
63
203
19
390
203
25
271
203
31
7
203
37
27
203
43
297
203
49
75
204
0
412
204
0
296
204
8
346
204
15
416
204
22
309
204
29
30
204
36
119
204
43
382
204
50
96
205
0
412
205
0
296
205
8
346
205
15
416
205
22
309
205
29
30
205
39
119
205
49
382
205
59
96
206
0
307
206
4
83
206
11
465
206
14
158
206
21
384
206
24
305
206
31
341
206
34
416
206
41
115
207
0
286
207
6
337
207
13
172
207
20
306
207
28
123
207
36
365
207
44
341
207
52
166
208
0
412
208
0
341
208
9
31
208
13
327
208
21
172
208
25
307
208
33
338
208
37
364
208
45
205
208
49
75
208
57
96
209
0
412
209
0
339
209
4
414
209
8
57
209
13
32
209
19
218
209
26
320
209
34
307
209
43
416
209
53
75
210
0
412
210
0
339
210
4
414
210
8
57
210
13
32
210
19
218
210
28
320
210
38
307
210
49
416
210
61
75
211
0
382
211
0
412
211
0
286
211
10
172
211
10
249
211
19
448
211
28
281
211
37
416
211
46
189
212
0
306
212
0
217
212
6
144
212
11
305
212
16
126
212
21
7
212
26
242
212
31
365
212
36
410
212
41
95
212
46
152
213
0
64
213
0
459
213
9
462
213
14
114
213
23
335
213
28
30
213
37
316
214
0
412
214
0
217
214
6
185
214
11
116
214
17
151
214
23
43
214
30
70
214
37
416
214
45
319
214
53
239
215
0
340
215
0
217
215
0
417
215
8
306
215
15
341
215
22
123
215
29
153
215
36
7
215
43
200
215
50
365
215
57
28
215
64
242
216
0
340
216
0
217
216
7
218
216
13
153
216
19
125
216
25
123
216
31
316
216
37
365
216
43
374
216
49
421
217
0
340
217
0
217
217
7
218
217
13
153
217
19
125
217
25
123
217
31
316
217
37
365
217
43
374
217
49
421
218
0
465
218
0
371
218
8
113
218
15
327
218
22
172
218
29
10
218
36
136
218
43
325
218
50
37
219
0
465
219
0
371
219
8
113
219
15
327
219
22
172
219
29
10
219
36
136
219
48
325
219
60
37
220
0
412
220
0
271
220
10
290
220
19
116
220
28
416
220
37
254
220
46
35
220
55
10
221
0
185
221
0
271
221
10
290
221
19
116
221
28
416
221
33
151
221
42
254
221
56
35
221
70
10
222
0
412
222
6
172
222
12
45
222
17
312
222
17
315
222
23
46
222
28
381
222
34
322
222
39
251
222
45
11
223
0
448
223
11
220
223
22
297
223
22
23
223
22
46
223
33
144
223
44
195
223
55
190
224
0
448
224
11
64
224
22
297
224
22
23
224
22
46
224
25
270
224
38
144
224
54
195
224
70
190
225
0
295
226
0
412
226
0
45
226
8
402
226
15
46
226
22
416
226
29
7
226
36
457
226
43
449
226
50
62
227
0
217
227
0
278
227
10
337
227
13
408
227
16
7
227
26
151
227
29
8
227
32
388
227
42
382
227
45
243
228
0
217
228
0
113
228
7
187
228
13
371
228
19
320
228
25
32
228
31
271
228
37
123
228
43
136
228
49
75
229
0
217
229
7
187
229
13
371
229
19
320
229
27
32
229
35
271
229
43
123
229
51
136
229
59
75
230
0
45
230
8
372
230
15
217
230
22
448
230
29
439
230
40
7
230
51
189
230
62
100
231
0
271
231
0
412
231
0
162
231
9
83
231
17
134
231
25
416
231
33
332
231
41
116
231
49
96
232
0
271
232
0
185
232
0
162
232
9
83
232
17
134
232
25
151
232
33
332
232
41
309
232
49
110
233
0
412
233
0
65
233
9
7
233
12
297
233
20
312
233
24
83
233
32
220
233
36
433
233
44
313
233
48
466
234
0
412
234
7
217
234
13
19
234
19
193
234
25
390
234
31
337
234
37
416
234
43
62
234
49
52
235
0
358
235
11
358
235
21
358
235
31
358
235
41
358
235
51
358
235
61
358
235
71
358
235
81
358
235
91
358
236
0
412
237
0
318
237
0
331
237
7
144
237
13
305
237
19
306
237
20
436
237
25
309
237
31
70
237
37
7
237
43
86
237
49
115
238
0
289
238
0
218
238
9
406
238
13
290
238
21
63
238
25
357
238
33
234
238
37
125
238
45
299
238
49
279
238
57
35
239
0
306
239
0
217
239
9
426
239
17
219
239
25
408
239
33
341
239
41
425
239
49
422
240
0
113
240
7
217
240
13
371
240
19
131
240
25
372
240
31
399
240
37
136
240
43
62
240
49
129
241
0
412
241
4
162
241
8
83
241
13
390
241
19
246
241
26
30
241
34
332
241
43
37
241
53
176
242
0
289
242
0
162
242
4
414
242
7
315
242
10
375
242
13
97
242
18
249
242
23
357
242
28
111
242
33
83
242
40
219
242
47
96
243
0
32
243
0
217
243
11
427
243
21
320
243
31
306
243
41
379
243
51
314
243
61
75
243
71
422
243
81
52
244
0
32
244
0
217
244
11
113
244
21
320
244
31
132
244
41
390
244
51
136
244
61
404
244
71
129
244
81
52
245
0
32
245
0
217
245
11
46
245
21
308
245
31
168
245
41
23
245
51
254
245
61
251
245
71
189
245
81
52