<mapData>
-1x-2
00,00,00,00,00,00,00,00,00,00,00,30,00,00,00,00,00,00,00,10,00,00,00,00,00-00,00,00,00,00,20,00,00,00,00,00,00,00,00,00,00,00,00,00,00,00,00,00,00,00-00,00,00,00,00,00,00,00,00,00,00,00,00,00,20,00,00,00,00,00,00,00,00,00,00-30,00,00,00,00,00,00,00,00,00,00,20,00,00,00,00,00,00,00,20,00,00,00,00,00-00,00,00,00,00,00,00,00,00,00,59,69,69,69,79,00,00,30,00,00,00,00,00,00,00-00,00,00,00,00,00,00,00,00,30,510,610,610,610,710,00,00,10,00,00,00,00,00,00,10-10,00,00,00,00,00,00,00,59,69,310,610,610,610,410,69,79,00,00,00,00,00,00,00,00-00,00,00,00,00,00,00,00,510,610,610,610,610,610,610,610,710,00,00,00,00,00,00,00,00-00,00,20,00,00,00,59,69,310,610,610,610,610,610,610,610,410,69,79,30,00,00,00,00,00-69,69,69,69,69,69,310,411,611,611,611,611,611,611,611,311,610,610,710,00,00,00,00,00,30-611,611,611,611,611,611,311,710,00,00,00,00,00,00,00,510,610,610,410,69,69,69,69,69,69-00,00,00,00,00,10,510,710,00,00,00,00,00,00,00,510,411,611,611,611,611,611,611,611,611-00,00,00,00,00,10,510,710,00,00,00,00,00,00,00,510,710,00,00,00,00,00,00,00,00-00,00,00,00,00,00,510,710,00,00,00,00,00,00,00,510,710,10,00,00,00,00,00,00,00-00,00,00,00,00,00,510,410,69,69,69,69,69,69,69,310,710,00,00,00,00,00,00,00,00-00,00,00,00,00,59,310,611,311,610,610,610,610,610,411,611,711,00,00,00,00,00,00,00,10-00,00,00,00,00,510,710,00,510,610,610,610,610,610,710,00,00,00,00,00,00,00,00,00,00-00,00,00,00,00,510,710,00,511,611,311,610,411,611,711,00,00,00,00,00,00,00,00,00,00-30,00,00,00,00,510,710,00,00,00,510,610,710,00,00,20,00,00,00,00,00,00,30,00,20-69,69,69,69,69,310,710,00,00,00,510,610,710,00,00,00,00,00,00,00,00,30,00,00,00-611,611,611,611,611,611,711,00,00,00,510,610,710,00,00,30,00,00,00,00,00,00,20,00,00-20,00,00,30,10,00,00,00,00,00,510,610,710,00,00,00,00,00,00,30,00,00,00,00,00-00,00,00,00,00,00,00,00,00,00,510,610,710,00,00,00,00,00,00,00,00,00,00,00,10-30,00,10,00,00,00,00,00,00,00,510,610,710,00,00,00,00,00,00,00,00,00,00,00,00-00,00,00,00,00,00,20,00,00,00,510,610,710,00,00,20,00,30,00,00,30,00,00,00,00
0,0,0,0,0,0,0,0,0,0,0,0,0,0,0,0,0,0,0,0,0,0,0,0,0-0,0,0,0,0,0,0,0,0,0,3219,4219,5219,6219,7219,0,0,0,0,0,0,0,0,0,0-0,0,0,0,0,0,0,0,0,0,3220,4220,5220,6220,7220,0,0,0,0,0,0,0,0,0,0-0,0,0,0,0,0,0,0,0,0,3221,4221,5221,6221,7221,0,0,0,0,0,0,0,0,0,0-0,045,145,245,345,445,0,0,0,0,3222,4222,5222,6222,7222,0,0,0,0,0,0,0,0,0,0-0,046,146,246,346,446,0,0,0,0,0,0,0,0,0,0,0,0,0,4106,5106,5106,6106,7106,0-0,047,147,247,347,447,0,0,0,0,0,0,0,0,0,0,0,0,0,4107,5107,5107,6107,7107,0-0,048,148,248,348,448,0,0,0,0,0,0,0,0,0,0,0,0,0,4108,5108,5108,6108,7108,0-0,049,149,249,349,449,0,0,0,0,0,0,0,0,0,0,0,0,0,3109,4109,5109,6109,7109,0-0,0,0,0,0,0,0,0,0,0,0,0,0,0,0,0,0,0,0,3110,4110,5110,6110,7110,0-0,0,0,0,0,0,0,0,0273,1273,2273,3273,4273,5273,6273,0,0,0,0,0,0,0,0,0,0-0,6146,7146,5146,6146,7146,0,0,0274,1274,2274,3274,4274,5274,6274,0,0,0,0,0,0,0,0,0,0-0,6147,7147,5147,6147,7147,0,0,0275,1275,2275,3275,4275,5275,6275,0,0,5146,6146,7146,5146,6146,0,0,0-0,0,0,0,0,0,0,0,0276,1276,2276,3276,4276,5276,6276,0,0,5147,6147,7147,5147,6147,0,0,0-0,0,0,0,0,0,0,0,0,0,0,0,0,0,0,0,0,0,0,0,0,0,0,0,0-0,0,0,0,0,0,0,0,0,0,0,0,0,0,0,0,0,0,0,0,0,0,0,0,0-0,0,3290,4290,5290,0,0,0,0,0,0,0,0,0,0,0,0,0,0,0,3290,4290,5290,0,0-0,0,3291,4291,5291,0,0,0288,1288,2288,0,0,0,0288,1288,2288,0,0,0,0,3291,4291,5291,0,0-0,0,0,0,0,0,0,0289,1289,2289,0,0,0,0289,1289,2289,0,0,0,0,0,0,0,0,0-0,0,0,0,0,0,0,0290,1290,2290,0,0,0,0290,1290,2290,0,0,0,0,0,0,0,0,0-0,0,0,0,0,0,0,0,0,0,0,0,0,0,0,0,0,0,0,0,0,0,0,0,0-0,0,0,0,0,0,0,0288,1288,2288,0,0,0,0288,1288,2288,0,0,0,0,0,0,0,0,0-0,0,0,0,0,0,0,0289,1289,2289,0,0,0,0289,1289,2289,0,0,0,0,0,0,0,0,0-0,0,0,0,0,0,0,0290,1290,2290,0,0,0,0290,1290,2290,0,0,0,0,0,0,0,0,0-0,0,0,0,0,0,0,0,0,0,0,0,0,0,0,0,0,0,0,0,0,0,0,0,0
false
-1
-2
kevin
</mapData>

















