<mapData>
-3x-2
00,10,00,00,00,00,20,00,00,00,00,00,00,00,10,00,00,10,00,00,00,00,00,00,00-00,00,00,00,00,00,00,00,00,00,00,00,00,00,00,00,00,00,00,00,00,00,00,00,00-00,00,00,00,30,00,00,00,20,00,00,00,00,00,00,00,00,00,00,00,00,00,00,00,00-00,00,00,00,00,00,00,00,00,00,00,00,00,00,00,00,00,20,00,00,00,00,00,00,00-00,00,20,00,30,00,00,00,00,00,00,00,00,00,00,00,00,00,00,00,00,00,00,00,00-00,00,00,00,00,00,00,00,30,00,10,00,00,10,00,10,00,00,00,00,00,00,00,00,00-00,00,00,00,00,00,00,00,00,00,00,00,00,00,00,00,00,00,00,00,00,00,00,00,00-00,00,10,20,00,30,00,00,30,00,00,30,00,00,00,00,00,00,10,00,00,00,00,00,00-10,00,00,00,00,00,00,00,00,00,00,00,00,00,00,00,00,10,00,00,00,00,20,30,00-00,00,00,00,00,00,00,00,00,20,20,00,30,00,00,00,10,30,00,00,00,00,00,00,00-00,00,00,00,00,00,00,20,00,00,00,00,00,00,00,00,00,00,00,00,00,00,00,00,00-20,00,00,00,00,10,00,00,20,00,00,10,00,00,00,00,00,00,30,00,20,00,30,00,10-00,00,00,00,00,00,00,00,00,00,00,00,00,00,00,00,00,00,00,00,00,20,30,00,00-00,00,30,00,00,00,00,00,00,00,30,00,00,00,00,00,00,20,00,00,00,00,00,30,00-00,00,00,00,00,00,00,00,00,00,00,00,00,00,00,00,00,30,00,00,00,00,00,00,20-00,00,00,00,00,00,00,00,00,00,00,00,00,10,00,00,00,00,00,00,00,00,00,00,00-00,00,00,00,00,00,00,00,00,00,00,30,00,00,00,00,00,00,00,00,00,00,30,30,00-00,00,00,00,00,00,00,00,00,20,00,00,00,00,00,00,00,00,00,10,00,00,00,00,00-00,00,00,00,00,00,00,00,00,00,00,00,00,00,00,00,00,00,00,00,00,00,00,00,00-00,00,00,10,00,00,00,00,00,00,00,00,00,00,00,00,00,10,00,00,00,00,00,00,00-00,00,00,00,00,00,00,00,00,00,00,00,00,00,00,00,30,00,00,20,00,10,00,00,00-00,00,00,00,00,30,00,00,00,00,00,00,00,00,00,00,00,00,00,00,00,00,00,00,00-00,20,00,00,00,00,00,20,00,00,00,00,00,00,00,00,00,00,00,00,10,00,00,00,00-00,00,00,00,00,10,00,00,00,00,00,00,00,00,00,00,00,00,00,00,00,00,00,00,00-20,00,00,00,00,00,00,00,00,00,00,00,10,00,00,00,10,00,00,30,00,20,00,00,00
75,55,65,75,55,65,75,0,0,0,0,0,0,0,0,0,0,0,0,0,0,0,0,0,0-76,56,66,76,56,66,76,0,0,0,0,0,0,0,0,0,0,0,0,0,0,0,0,0,0-75,55,65,75,55,65,75,0,0,0,0,0,0,0,0,0,0,0,0,0,0,0,0,0,0-76,56,66,76,56,66,76,0,0,0,0,0,0,0,0,0,0,0,0,0,0,0,0,0,0-75,55,65,75,55,65,75,0,0,0,0,0,0,0,0,0,0,0,0,0,0,0,0,0,0-76,56,66,76,56,66,76,0,0,0,0,0,0,0,0,0,0,0,0,0,0,0,0,0,0-75,55,65,75,55,65,75,0,0,0,0,0,0,0,0,0,0,0,0,0,0,0,0,0,0-76,56,66,76,56,66,76,0,0,0,0,0,0,0,0,0,0,0,0,0,0,0,0,0,0-75,55,65,75,55,65,75,0,0,0,0,0,0,0,0,0,0,0,0,0,0,0,0,0,0-76,56,66,76,56,66,76,0,0,0,0,0,0,0,0,0,0,0,0,0,0,0,0,0,0-75,55,65,75,55,65,75,0,0,0,0,0,0,0,0,0,0,0,0,0,0,0,0,0,0-76,56,66,76,56,66,76,0,0,0,0,0,0,0,0,0,0,0,0,0,0,0,0,0,0-75,55,65,75,55,65,75,0,0,0,0,0,0,0,0,0,0,0,0,0,0,0,0,0,0-76,56,66,76,56,66,76,0,0,0,0,0,0,0,0,0,0,0,0,0,0,0,0,0,0-75,55,65,75,55,65,75,0,0,0,0,0,0,0,0,0,0,0,0,0,0,0,0,0,0-76,56,66,76,56,66,76,0,0,0,0,0,0,0,0,0,0,0,0,0,0,0,0,0,0-75,55,65,75,55,65,75,0,0,0,0,0,0,0,0,0,0,0,0,0,0,0,0,0,0-76,56,66,76,56,66,76,0,0,0,0,0,0,0,0,0,0,0,0,0,0,0,0,0,0-75,55,65,75,55,65,75,0,0,0,0,0,0,0,0,0,0,0,0,0,0,0,0,0,0-76,56,66,76,56,66,76,0,0,0,0,0,0,0,0,0,0,0,0,0,0,0,0,0,0-75,55,65,75,55,65,75,0,0,0,0,0,0,0,0,0,0,0,0,0,0,0,0,0,0-76,56,66,76,56,66,76,0,0,0,0,0,0,0,0,0,0,0,0,0,0,0,0,0,0-75,55,65,75,55,65,75,0,0,0,0,0,0,0,0,0,0,0,0,0,0,0,0,0,0-76,56,66,76,56,66,76,0,0,0,0,0,0,0,0,0,0,0,0,0,0,0,0,0,0-75,55,65,75,55,65,75,0,0,0,0,0,0,0,0,0,0,0,0,0,0,0,0,0,0
false
-3
-2
kevin
</mapData>

















