<mapData>
10x-2
00,00,00,00,00,00,20,00,00,00,00,00,00,10,00,00,00,00,00,00,00,00,00,00,00-00,10,00,00,30,00,00,00,00,00,00,30,00,00,00,00,30,00,30,00,00,00,00,00,00-00,00,00,00,00,00,20,00,00,00,00,00,00,00,00,00,00,00,00,00,00,00,00,00,00-00,10,30,00,00,00,00,00,00,00,00,00,00,00,00,30,00,00,00,00,00,00,20,20,00-00,00,00,00,00,00,00,00,00,00,00,00,00,00,00,00,00,00,00,10,00,00,00,00,00-00,00,00,00,00,00,00,00,00,00,00,10,00,00,00,00,00,00,00,00,00,00,30,00,00-00,00,30,00,00,00,00,00,00,00,00,30,00,00,00,00,10,00,00,00,20,00,00,00,00-00,00,00,00,00,00,00,00,00,00,00,00,00,00,00,00,00,00,00,00,00,00,20,00,00-00,00,00,00,00,00,00,00,00,00,00,00,10,00,30,00,00,00,00,10,00,00,00,00,00-00,00,00,00,00,00,00,00,00,00,00,00,00,00,30,00,00,00,00,00,00,00,00,00,00-00,10,00,00,20,00,00,00,00,00,00,00,00,20,00,00,00,00,00,00,00,30,20,10,00-00,20,10,00,00,00,00,00,00,00,00,00,00,00,00,00,00,00,00,00,00,30,00,00,00-00,00,00,00,20,00,00,00,00,00,00,00,00,10,00,00,00,00,00,00,00,00,00,00,00-00,10,00,00,00,00,00,00,00,00,00,00,30,00,00,00,00,00,00,00,00,00,00,00,00-00,00,10,00,10,00,00,00,00,00,00,00,10,00,00,00,00,00,10,00,00,00,00,00,00-00,00,00,00,00,00,00,00,00,20,00,00,00,00,00,00,00,00,00,00,00,00,00,00,00-00,00,00,00,10,00,00,00,00,00,00,00,00,00,00,20,00,00,00,00,00,00,00,00,00-00,00,30,00,00,00,00,00,00,00,00,00,00,00,00,00,00,00,00,00,00,00,00,00,10-00,20,20,00,10,00,00,00,00,00,00,00,00,00,00,00,00,00,00,00,00,00,00,00,00-00,00,00,00,00,00,00,00,00,00,00,00,00,00,00,00,00,20,00,00,00,00,00,00,00-00,00,00,00,20,00,00,00,20,00,00,00,00,00,00,00,20,00,00,00,00,00,00,00,30-00,00,00,00,00,00,00,00,00,00,00,00,10,10,00,00,00,00,00,00,00,00,00,00,00-00,00,00,20,00,00,00,00,00,00,00,00,00,00,00,00,00,00,00,00,00,00,00,00,00-00,00,00,00,20,00,00,00,00,00,00,00,00,30,00,00,00,00,00,00,00,00,00,00,00-30,00,00,00,00,00,00,00,30,00,20,00,00,00,00,00,00,00,00,00,00,00,00,30,00
627,627,627,627,627,627,627,627,627,627,627,627,627,627,627,627,627,627,627,627,627,627,627,627,627-627,627,627,627,627,627,627,627,627,627,627,627,627,627,627,627,627,627,627,627,627,627,627,627,627-627,627,627,730,628,628,628,628,628,628,628,628,628,630,627,627,627,627,627,627,627,627,627,627,627-627,627,730,728,0,0,0,0,0,0,0,0,0,528,628,628,628,628,630,627,627,627,627,627,627-627,730,728,0,0,0,0,0,0,0,0,0,0,0,0,0,0,0,528,628,630,627,627,627,627-730,728,0,0,0,0,0,0,0,0,0,0,0,0,0,0,0,0,0,0,528,630,627,627,627-727,0,0,0,0,0,0,0,0,0,0,0,0,0,0,0,0,0,0,0,0,527,627,627,627-728,0,0,0,0,0,0,0,0,0,0,0,0,0,0,0,0,0,0,0,0,527,627,627,627-0,0,0,0,0,0,0,0,0,0,0,0,0,0,0,0,0,0,0,0,0,527,627,627,627-0,0,0,0,0,0,0,0,0,0,0,0,0,0,0,0,0,0,0,0,0,527,627,627,627-0,0,0,0,0,0,0,0,0,0,0,60,70,60,70,0,0,0,0,0,0,527,627,627,627-0,0,0,0,0,0,0,60,70,60,70,61,71,61,71,0,0,0,0,0,0,527,627,627,627-0,0,0,0,0,0,0,61,71,61,71,62,72,62,72,0,0,0,0,0,0,528,630,627,627-0,0,0,0,0,60,70,62,72,62,72,61,71,61,71,0,0,0,0,0,0,0,527,627,627-0,0,0,0,0,61,71,61,71,61,71,62,72,62,72,0,0,0,0,0,0,0,527,627,627-0,0,0,0,0,62,72,62,72,62,72,61,71,61,71,0,0,0,0,0,0,0,527,627,627-0,0,0,60,70,61,71,61,71,61,71,62,72,42,52,0,0,0,0,0,0,0,527,627,627-0,0,0,61,71,62,72,62,72,62,72,61,71,0,0,0,0,0,0,0,0,0,527,627,627-0,0,0,62,72,61,71,61,71,61,71,62,72,0,0,0,0,0,0,0,0,0,527,627,627-0,60,70,61,71,62,72,62,72,62,72,61,71,0,0,0,0,0,0,0,0,0,527,627,627-70,61,71,62,72,61,71,61,71,61,71,42,52,0,0,0,0,0,0,0,0,0,527,627,627-71,62,72,61,71,62,72,62,72,62,72,0,0,0,0,0,0,0,0,0,0,526,629,627,627-72,61,71,62,72,61,71,61,71,61,71,0,0,0,0,0,0,526,626,626,626,629,627,627,627-71,62,72,61,71,62,72,62,72,62,72,0,0,0,526,626,626,629,627,627,627,627,627,627,627-72,61,71,62,72,61,71,61,71,61,71,0,526,626,629,627,627,627,627,627,627,627,627,627,627
false
10
-2
kevin
</mapData>

















