<mapData>
10x-1
00,10,00,00,00,00,00,00,00,20,00,00,00,00,00,00,00,00,00,00,00,00,00,00,00-00,00,20,00,00,00,00,00,00,00,00,00,00,00,00,00,00,00,00,00,00,00,00,00,00-00,00,00,00,00,20,00,00,00,00,00,00,00,00,00,00,00,00,00,20,00,00,00,00,00-00,00,00,00,00,00,00,00,00,00,00,00,00,00,00,00,00,00,00,00,00,00,30,00,00-00,00,00,00,00,00,30,00,00,10,00,00,00,10,00,00,00,00,00,00,30,00,00,00,00-52,61,71,42,52,61,71,61,71,61,71,00,00,00,00,00,00,00,00,00,00,00,00,00,00-321,42,52,321,321,42,52,42,52,42,52,00,00,00,00,00,00,00,00,00,00,00,00,00,00-00,00,00,00,00,00,00,00,00,00,00,00,00,00,00,00,00,00,00,00,00,00,00,00,20-00,00,10,00,00,00,30,00,00,00,10,00,00,00,20,00,00,00,00,00,00,00,00,00,00-00,00,00,00,00,00,00,00,00,00,00,00,00,00,00,00,00,00,00,10,00,00,00,00,00-00,00,20,00,00,00,00,00,00,00,00,00,00,20,00,00,00,00,00,00,00,00,00,00,00-00,00,00,30,10,00,00,00,00,00,00,00,00,00,00,00,00,00,00,00,00,00,00,00,00-30,00,00,30,00,00,00,00,00,00,00,00,30,00,00,00,00,00,00,00,00,00,00,00,00-20,00,00,00,00,00,00,20,00,00,00,00,30,00,00,00,00,00,00,00,00,00,00,00,00-10,00,00,00,00,00,00,00,00,00,00,00,00,00,00,00,00,10,00,00,00,00,00,00,00-00,00,00,00,00,00,00,00,00,00,00,00,00,00,00,00,00,00,00,00,30,00,00,00,30-00,00,00,00,00,00,00,00,00,00,00,00,00,00,00,00,00,00,00,00,00,00,00,00,00-00,00,00,00,00,00,00,00,00,00,00,00,00,00,00,00,00,00,00,00,00,00,00,00,00-00,00,00,00,00,00,00,00,00,00,00,00,00,00,00,00,00,00,00,00,00,00,00,00,00-00,00,00,00,00,00,00,20,00,00,10,00,00,00,00,00,00,00,00,00,00,00,00,20,00-00,00,00,00,00,00,00,00,00,00,00,00,00,00,20,00,00,00,00,00,00,00,00,00,00-00,00,00,00,00,00,00,00,00,00,00,30,00,00,00,00,00,00,00,00,00,00,00,00,00-00,00,00,10,00,30,00,00,00,00,00,00,00,00,00,00,00,00,00,00,00,00,00,00,00-00,00,00,00,00,00,00,00,00,00,00,00,00,00,00,00,00,00,00,30,10,10,00,00,00-00,00,00,00,00,00,00,00,00,00,00,30,00,00,00,00,00,00,00,00,10,00,00,00,00
71,62,72,61,71,62,72,62,72,62,72,0,527,627,627,627,627,627,627,627,627,627,627,627,627-72,61,71,62,72,61,71,61,71,61,71,0,527,627,627,627,627,627,627,627,627,627,627,627,627-71,62,72,61,71,62,72,62,72,62,72,0,527,627,627,627,627,627,627,627,627,627,627,627,627-72,61,71,62,72,61,71,61,71,61,71,0,527,627,627,627,627,627,627,627,627,627,627,627,627-71,62,72,61,71,62,72,62,72,62,72,0,527,627,627,627,627,627,627,627,627,627,627,627,627-320,61,71,320,320,61,71,61,71,61,71,526,629,627,627,627,627,627,627,627,627,627,627,627,627-321,320,320,321,321,320,320,320,320,320,320,527,627,627,627,627,627,627,627,627,627,627,627,627,627-322,321,321,322,322,321,321,321,321,321,321,527,627,627,627,627,627,627,627,627,627,627,627,627,627-322,322,322,322,322,322,322,322,322,322,322,527,627,627,627,627,627,627,627,627,627,627,627,627,627-322,322,322,322,322,322,322,322,322,322,322,527,627,627,627,627,627,627,627,627,627,627,627,627,627-322,322,322,322,322,322,322,322,322,322,526,629,627,627,627,627,627,627,627,627,627,627,627,627,627-322,322,322,322,322,322,322,322,322,322,527,627,627,627,627,627,627,627,627,627,627,627,627,627,627-322,322,422,322,322,322,322,322,422,422,527,627,627,627,627,627,627,627,627,627,627,627,627,627,627-322,322,0,422,422,322,322,422,0,0,527,627,627,627,627,627,627,627,627,627,627,627,627,627,627-421,422,0,0,0,322,422,0,0,0,527,627,627,627,627,627,627,627,627,627,627,627,627,627,627-422,0,0,0,0,422,0,0,0,0,527,627,627,627,627,627,627,627,627,627,627,627,627,627,627-0,0,0,0,0,0,0,0,0,0,527,627,627,627,627,627,627,627,627,627,627,627,627,627,627-0,0,0,0,0,0,0,0,0,0,527,627,627,627,627,627,627,627,627,627,627,627,627,627,627-0,0,0,0,0,0,0,0,0,0,527,627,627,627,627,627,627,627,627,627,627,627,627,627,627-0,0,0,0,0,0,0,0,0,0,528,630,627,627,627,627,627,627,627,627,627,627,627,627,627-0,0,0,0,0,0,0,0,0,0,0,527,627,627,627,627,627,627,627,627,627,627,627,627,627-0,0,0,0,0,0,0,0,0,0,0,527,627,627,627,627,627,627,627,627,627,627,627,627,627-0,0,0,0,0,0,0,0,0,0,0,527,627,627,627,627,627,627,627,627,627,627,627,627,627-0,0,0,0,0,0,0,0,0,0,0,527,627,627,627,627,627,627,627,627,627,627,627,627,627-0,0,0,0,0,0,0,0,0,0,0,527,627,627,627,627,627,627,627,627,627,627,627,627,627
false
10
-1
kevin
</mapData>

















