<mapData>
10x2
00,00,00,00,10,00,00,00,00,10,00,00,00,00,00,00,00,00,00,00,30,00,00,00,00-00,00,00,00,20,00,00,00,00,00,00,00,00,00,00,00,00,00,00,00,00,00,30,00,00-00,00,00,00,00,00,00,00,00,00,00,00,00,00,00,00,00,00,00,00,00,00,00,00,00-00,10,00,00,00,00,10,00,00,00,00,00,00,00,00,00,00,00,00,00,00,00,00,00,00-00,00,00,00,00,00,00,00,00,00,00,00,00,10,00,00,00,00,00,30,00,00,00,00,00-00,00,00,00,10,00,00,30,00,00,00,00,00,00,00,00,00,00,00,00,00,00,00,00,00-00,00,00,00,00,00,00,00,00,00,00,00,30,00,00,00,00,00,00,00,00,00,00,10,00-00,00,00,00,00,00,00,00,00,00,00,00,00,00,00,00,00,00,00,00,00,00,00,00,00-00,10,30,00,00,00,00,00,00,00,00,00,00,00,00,00,20,00,00,00,00,00,00,00,00-00,00,00,00,00,00,00,00,00,00,20,00,10,00,00,20,00,00,00,00,00,00,00,00,00-00,00,00,00,00,00,00,00,00,00,00,00,00,00,00,00,00,00,00,00,00,10,00,00,00-00,00,00,00,00,00,30,30,00,00,00,00,00,00,00,00,00,00,00,10,00,00,00,00,30-00,00,10,00,00,00,00,00,00,00,00,00,00,00,00,00,10,00,00,00,00,00,00,00,00-00,00,00,00,00,00,00,00,00,00,00,00,00,00,20,30,00,00,00,00,00,00,00,00,00-422,422,00,00,00,00,00,00,528,628,628,628,00,00,30,00,00,10,00,00,00,00,00,00,00-00,00,00,00,00,00,00,00,00,00,00,00,00,20,00,00,00,00,00,00,10,30,00,10,00-00,00,422,422,00,00,00,00,00,00,00,00,00,00,00,00,00,00,00,00,30,00,00,00,00-00,00,00,00,00,00,00,00,00,30,00,00,30,00,00,00,00,00,30,00,00,00,00,00,00-00,00,00,00,30,00,00,00,00,00,00,00,00,00,00,00,20,00,00,00,00,00,00,00,00-00,00,00,00,00,00,00,00,00,00,00,00,00,30,00,00,00,20,00,00,00,00,00,00,00-00,00,00,00,00,00,00,00,00,00,00,00,00,00,00,00,00,30,00,00,00,00,00,00,00-00,00,00,00,00,00,00,00,10,00,00,00,00,00,00,00,00,00,10,00,00,00,00,00,00-00,00,00,00,00,00,00,00,00,00,00,00,00,00,00,00,00,00,00,00,00,00,10,20,00-00,00,00,00,00,00,00,00,00,00,00,00,00,00,00,30,00,00,00,00,00,00,30,00,00-30,00,00,00,00,00,00,00,00,00,00,00,20,00,00,00,00,20,00,30,10,00,00,00,00
0,0,0,0,0,0,0,0,0,320,322,322,322,527,627,627,627,627,627,627,627,627,627,627,627-0,0,0,0,0,0,0,0,320,321,322,322,322,527,627,627,627,627,627,627,627,627,627,627,627-0,0,0,0,0,0,0,320,321,322,322,322,322,527,627,627,627,627,627,627,627,627,627,627,627-0,0,0,0,0,0,0,321,322,322,322,322,322,527,627,627,627,627,627,627,627,627,627,627,627-0,0,0,0,0,0,0,322,322,322,322,322,322,527,627,627,627,627,627,627,627,627,627,627,627-0,0,0,0,0,0,320,322,322,322,322,322,322,527,627,627,627,627,627,627,627,627,627,627,627-320,320,320,0,0,0,321,322,322,322,322,322,322,527,627,627,627,627,627,627,627,627,627,627,627-321,321,321,320,0,0,322,322,322,322,322,322,422,527,627,627,627,627,627,627,627,627,627,627,627-322,322,322,321,0,0,322,322,322,322,322,322,0,527,627,627,627,627,627,627,627,627,627,627,627-322,322,322,322,320,0,322,322,322,322,322,422,0,527,627,627,627,627,627,627,627,627,627,627,627-322,322,322,322,321,0,322,422,322,322,422,0,0,527,627,627,627,627,627,627,627,627,627,627,627-322,322,322,322,322,0,422,0,422,422,0,0,526,629,627,627,627,627,627,627,627,627,627,627,627-322,322,322,322,322,0,0,0,0,0,0,0,527,627,627,627,627,627,627,627,627,627,627,627,627-322,322,322,322,322,0,0,0,526,626,626,626,629,627,627,627,627,627,627,627,627,627,627,627,627-60,70,322,322,322,0,60,70,60,70,60,70,630,627,627,627,627,627,627,627,627,627,627,627,627-61,71,322,322,60,70,61,71,61,71,61,71,527,627,627,627,627,627,627,627,627,627,627,627,627-62,72,60,70,61,71,62,72,62,72,62,72,527,627,627,627,627,627,627,627,627,627,627,627,627-61,71,61,71,62,72,61,71,61,71,61,71,527,627,627,627,627,627,627,627,627,627,627,627,627-62,72,62,72,61,71,62,72,62,72,42,52,527,627,627,627,627,627,627,627,627,627,627,627,627-61,71,61,71,62,72,61,71,61,71,0,526,629,627,627,627,627,627,627,627,627,627,627,627,627-62,72,62,72,61,71,62,72,62,72,0,527,627,627,627,627,627,627,627,627,627,627,627,627,627-61,71,61,71,62,72,61,71,61,71,0,527,627,627,627,627,627,627,627,627,627,627,627,627,627-62,72,62,72,61,71,62,72,62,72,0,527,627,627,627,627,627,627,627,627,627,627,627,627,627-61,71,61,71,62,72,61,71,61,71,0,527,627,627,627,627,627,627,627,627,627,627,627,627,627-62,72,62,72,61,71,62,72,62,72,0,527,627,627,627,627,627,627,627,627,627,627,627,627,627
false
10
2
kevin
</mapData>

















