<mapData>
10x3
00,00,00,00,00,00,00,00,00,00,00,00,10,00,20,00,30,00,00,00,00,00,00,00,00-00,00,30,00,00,00,00,10,00,00,00,00,00,00,00,30,00,00,00,00,00,00,00,00,00-00,10,00,00,00,00,00,00,00,00,00,00,00,00,00,00,00,00,10,00,00,00,10,00,00-00,00,00,00,00,00,00,00,00,00,00,00,00,00,00,00,30,10,00,00,00,00,00,00,00-00,30,10,00,00,20,00,00,00,00,00,00,00,00,00,00,00,00,00,00,00,00,00,00,30-00,00,00,00,00,00,00,00,00,00,00,00,00,00,00,00,00,00,00,00,00,00,00,00,00-00,00,20,00,00,00,00,00,00,00,00,00,00,00,00,00,00,00,00,00,00,00,00,00,00-00,00,00,00,00,00,00,00,00,10,00,00,00,00,00,00,00,00,00,00,00,00,00,00,30-00,00,00,00,10,00,00,30,00,00,00,00,00,00,00,00,00,00,00,00,00,00,00,00,00-00,10,00,00,00,00,00,00,00,00,00,00,10,00,00,00,00,00,00,00,00,00,00,00,00-00,30,00,00,00,00,00,00,00,00,00,00,00,00,00,00,00,30,00,00,00,00,30,00,00-00,00,00,00,30,00,00,10,00,00,00,00,00,00,30,00,00,00,00,00,00,00,00,00,00-00,00,00,00,00,00,00,00,00,00,00,00,00,00,00,00,00,00,00,00,00,00,00,00,00-00,00,00,20,00,00,30,00,00,00,00,00,00,00,00,00,00,00,00,00,20,00,00,00,00-00,00,00,10,00,00,00,00,00,00,00,00,00,00,00,00,00,00,00,00,00,00,30,00,00-00,30,00,00,00,00,00,00,00,00,00,00,00,00,00,00,00,00,00,00,00,00,00,00,00-00,00,10,00,00,00,00,00,00,00,20,00,00,00,00,00,00,00,00,00,00,00,00,00,00-00,00,00,00,00,00,00,00,20,00,00,00,00,00,00,00,00,00,30,00,20,00,00,00,00-00,00,02,12,12,22,00,00,00,00,00,00,00,00,00,00,00,00,00,00,00,00,00,00,00-00,02,34,13,13,44,22,00,00,00,00,00,10,00,00,00,00,00,00,00,00,00,00,00,00-12,34,13,13,13,13,44,12,22,00,00,00,00,00,00,00,00,00,00,00,00,00,00,00,00-13,13,13,13,13,13,13,13,44,12,00,00,00,00,00,20,00,00,00,00,00,00,00,30,00-13,13,13,13,13,13,13,13,13,13,00,00,00,00,00,00,00,00,00,00,00,20,00,00,00-13,13,13,13,13,13,13,13,13,13,00,00,00,00,00,00,00,00,00,00,00,00,20,00,00-13,13,13,13,13,13,13,13,13,13,20,00,00,00,00,00,00,00,00,00,00,00,00,00,00
61,71,61,71,62,72,61,71,61,71,0,527,627,627,627,627,627,627,627,627,627,627,627,627,627-42,52,42,52,61,71,42,52,42,52,0,527,627,627,627,627,627,627,627,627,627,627,627,627,627-0,0,0,0,42,52,0,0,0,0,0,527,627,627,627,627,627,627,627,627,627,627,627,627,627-0,0,0,0,0,0,0,0,0,0,0,527,627,627,627,627,627,627,627,627,627,627,627,627,627-0,0,041,141,241,341,0,0,0,0,0,527,627,627,627,627,627,627,627,627,627,627,627,627,627-0,0,042,142,242,342,0,0,0,0,0,527,627,627,627,627,627,627,627,627,627,627,627,627,627-0,0,043,143,243,343,0,0,0,0,0,527,627,627,627,627,627,627,627,627,627,627,627,627,627-0,320,044,144,244,344,320,0,0,0,0,527,627,627,627,627,627,627,627,627,627,627,627,627,627-0,321,0,0,0,0,321,0,0,0,0,527,627,627,627,627,627,627,627,627,627,627,627,627,627-0,422,0,0,0,0,422,0,0,0,0,527,627,627,627,627,627,627,627,627,627,627,627,627,627-0,0,0,0,0,0,0,0,0,0,0,527,627,627,627,627,627,627,627,627,627,627,627,627,627-0,320,0,0,0,0,320,0,0,0,0,527,627,627,627,627,627,627,627,627,627,627,627,627,627-0,321,0,0,0,0,321,0,0,0,0,527,627,627,627,627,627,627,627,627,627,627,627,627,627-0,422,0,0,0,0,422,0,0,0,0,527,627,627,627,627,627,627,627,627,627,627,627,627,627-0,0,0,0,0,0,0,0,0,0,526,629,627,627,627,627,627,627,627,627,627,627,627,627,627-0,0,0,0,0,0,0,0,0,0,527,627,627,627,627,627,627,627,627,627,627,627,627,627,627-0,0,0,0,0,0,0,0,0,0,527,627,627,627,627,627,627,627,627,627,627,627,627,627,627-0,0,0,0,0,0,0,0,0,0,527,627,627,627,627,627,627,627,627,627,627,627,627,627,627-0,0,0,0,0,0,0,0,0,0,527,627,627,627,627,627,627,627,627,627,627,627,627,627,627-0,0,0,0,0,0,0,0,0,0,527,627,627,627,627,627,627,627,627,627,627,627,627,627,627-0,0,0,0,0,0,0,0,0,0,527,627,627,627,627,627,627,627,627,627,627,627,627,627,627-0,0,0,0,0,0,0,0,0,0,527,627,627,627,627,627,627,627,627,627,627,627,627,627,627-0,0,0,0,0,0,0,0,0,0,527,627,627,627,627,627,627,627,627,627,627,627,627,627,627-0,0,0,0,0,0,0,0,0,0,527,627,627,627,627,627,627,627,627,627,627,627,627,627,627-0,0,0,0,0,0,0,0,0,0,527,627,627,627,627,627,627,627,627,627,627,627,627,627,627
false
10
3
kevin
</mapData>

















