<mapData>
10x4
13,13,13,13,13,13,13,13,13,13,00,00,00,00,00,00,10,00,00,00,00,00,00,00,00-13,13,13,13,13,13,13,13,13,13,00,00,00,30,00,00,00,00,10,00,10,10,00,00,00-13,13,13,13,13,13,13,13,13,13,00,00,00,00,00,00,00,00,00,00,30,00,00,20,30-13,13,13,13,13,13,13,13,13,13,00,00,00,00,00,00,10,00,00,00,00,00,00,00,00-13,13,13,13,13,13,13,13,13,13,00,00,00,00,00,00,00,00,00,00,00,00,00,00,00-13,13,13,13,13,13,13,13,13,13,00,00,00,10,00,00,00,00,00,00,00,00,00,00,00-13,13,13,13,13,13,13,13,13,13,00,00,30,00,00,00,00,00,00,00,00,00,00,00,00-13,13,13,13,13,13,13,13,13,13,00,00,00,00,00,00,00,00,00,00,00,00,00,00,00-13,13,13,13,13,13,13,13,13,13,00,00,00,30,00,00,00,20,00,00,00,00,00,00,00-13,13,13,13,13,13,13,13,13,13,00,00,00,00,00,00,20,00,00,00,00,10,00,00,00-13,13,13,13,13,13,13,13,13,00,00,00,30,00,00,00,00,00,00,00,00,00,00,00,00-13,13,13,13,13,13,13,13,13,00,00,00,00,10,00,00,00,00,00,00,00,00,00,00,00-13,13,13,13,13,13,13,13,13,00,00,00,30,00,00,00,00,00,00,00,00,00,00,00,00-13,13,13,13,13,13,13,13,13,00,00,00,00,00,00,00,00,00,00,00,00,00,00,00,00-13,13,13,13,13,13,13,13,00,00,00,10,00,00,00,00,00,00,00,00,00,00,00,00,00-13,13,13,13,13,13,13,00,00,00,00,00,00,00,00,00,00,00,00,00,00,00,00,00,00-13,13,13,13,13,13,00,00,00,00,00,00,00,00,00,00,00,00,00,00,00,00,00,00,00-13,13,13,00,00,00,10,00,00,00,00,00,00,00,00,00,00,00,00,10,00,00,30,00,00-00,00,10,00,00,00,00,00,00,30,00,20,10,00,00,00,00,00,00,00,00,00,00,00,00-00,00,00,00,00,00,00,00,00,10,00,00,00,00,00,00,00,00,00,00,00,00,00,00,00-20,00,00,00,00,00,00,00,00,00,00,00,00,00,00,30,00,00,00,00,00,00,00,00,00-00,10,00,00,00,00,00,00,10,00,00,00,00,00,00,00,00,00,00,00,00,00,00,00,30-00,00,00,00,00,10,00,00,00,00,00,10,00,00,20,00,00,00,00,00,00,00,00,00,00-00,00,00,00,00,00,00,00,10,00,00,00,00,00,00,00,00,00,00,00,00,00,00,30,00-00,00,10,00,00,00,00,00,00,00,00,00,00,00,00,00,00,00,00,00,00,00,00,30,20
0,0,0,0,0,0,0,0,0,0,527,627,627,627,627,627,627,627,627,627,627,627,627,627,627-0,0,0,0,0,0,0,0,0,0,527,627,627,627,627,627,627,627,627,627,627,627,627,627,627-0,0,0,0,0,0,0,0,0,0,527,627,627,627,627,627,627,627,627,627,627,627,627,627,627-0,0,0,0,0,0,0,0,0,0,527,627,627,627,627,627,627,627,627,627,627,627,627,627,627-0,0,0,0,0,0,0,0,0,0,527,627,627,627,627,627,627,627,627,627,627,627,627,627,627-0,0,0,0,0,0,0,0,0,0,527,627,627,627,627,627,627,627,627,627,627,627,627,627,627-0,0,0,0,0,0,0,0,0,0,527,627,627,627,627,627,627,627,627,627,627,627,627,627,627-0,0,0,0,0,0,0,0,0,0,527,627,627,627,627,627,627,627,627,627,627,627,627,627,627-0,0,0,0,0,0,0,0,0,0,527,627,627,627,627,627,627,627,627,627,627,627,627,627,627-0,0,0,0,0,0,0,0,0,0,527,627,627,627,627,627,627,627,627,627,627,627,627,627,627-0,0,0,0,0,0,0,0,0,526,629,627,627,627,627,627,627,627,627,627,627,627,627,627,627-0,0,0,0,0,0,0,0,0,527,627,627,627,627,627,627,627,627,627,627,627,627,627,627,627-0,0,0,0,0,0,0,0,0,527,627,627,627,627,627,627,627,627,627,627,627,627,627,627,627-0,0,0,0,0,0,0,0,0,527,627,627,627,627,627,627,627,627,627,627,627,627,627,627,627-0,0,0,0,0,0,0,0,526,629,627,627,627,627,627,627,627,627,627,627,627,627,627,627,627-0,0,0,0,0,0,0,526,629,627,627,627,627,627,627,627,627,627,627,627,627,627,627,627,627-0,0,0,0,0,0,526,627,627,627,627,627,627,627,627,627,627,627,627,627,627,627,627,627,627-0,0,0,526,626,626,629,627,627,627,627,627,627,627,627,627,627,627,627,627,627,627,627,627,627-626,626,626,629,627,627,627,627,627,627,627,627,627,627,627,627,627,627,627,627,627,627,627,627,627-627,627,627,627,627,627,627,627,627,627,627,627,627,627,627,627,627,627,627,627,627,627,627,627,627-627,627,627,627,627,627,627,627,627,627,627,627,627,627,627,627,627,627,627,627,627,627,627,627,627-627,627,627,627,627,627,627,627,627,627,627,627,627,627,627,627,627,627,627,627,627,627,627,627,627-627,627,627,627,627,627,627,627,627,627,627,627,627,627,627,627,627,627,627,627,627,627,627,627,627-627,627,627,627,627,627,627,627,627,627,627,627,627,627,627,627,627,627,627,627,627,627,627,627,627-627,627,627,627,627,627,627,627,627,627,627,627,627,627,627,627,627,627,627,627,627,627,627,627,627
false
10
4
kevin
</mapData>

















