<mapData>
1x4
00,00,00,00,00,10,00,00,00,00,00,00,10,30,00,30,00,00,30,00,00,00,00,00,00-00,00,00,00,00,00,00,00,30,00,00,00,00,00,00,00,00,00,00,00,00,00,00,00,00-00,00,00,00,00,00,20,00,00,00,10,00,00,00,00,00,00,00,00,00,00,00,00,10,00-10,00,00,00,20,00,00,30,00,00,00,00,00,00,00,00,00,00,00,00,10,10,00,00,00-00,10,00,00,00,00,00,00,00,00,00,00,00,00,00,20,00,00,00,00,00,30,00,00,00-30,00,00,00,00,00,00,00,00,00,00,30,00,00,00,00,00,00,00,10,00,00,00,00,00-00,00,00,00,00,00,00,00,00,00,00,20,00,00,00,00,00,00,20,00,00,00,00,00,10-00,00,00,00,00,00,00,00,00,00,00,00,00,00,00,00,00,00,00,10,00,00,00,00,10-00,00,00,00,00,20,00,00,00,00,00,00,00,00,00,00,00,00,00,00,00,00,00,10,00-20,10,00,00,00,00,00,00,00,00,00,20,00,30,00,00,00,00,00,00,20,00,00,00,00-20,00,00,00,00,00,00,00,00,00,00,00,00,00,00,00,00,00,00,00,30,00,00,30,00-00,00,00,00,00,00,00,00,00,00,20,00,30,00,00,00,00,00,00,00,00,00,00,00,00-00,00,00,00,00,00,00,00,00,00,00,00,00,00,00,00,00,00,00,00,00,00,00,00,00-00,00,00,00,00,00,00,00,00,00,00,00,00,00,00,00,20,00,00,00,00,00,00,00,00-00,00,00,00,00,00,00,00,00,00,00,00,00,00,00,00,00,00,00,00,00,00,10,00,00-20,20,00,00,00,30,00,00,00,00,00,00,00,00,00,00,30,20,00,00,00,00,00,00,00-30,00,00,00,30,00,00,00,00,30,00,30,00,00,00,00,00,30,00,00,00,00,00,00,00-00,00,00,00,00,00,00,00,00,00,00,10,00,10,00,00,00,00,20,00,00,00,00,00,00-00,00,00,00,00,00,00,00,00,00,00,20,00,00,10,30,00,00,00,00,00,00,00,00,00-00,00,00,00,00,00,00,00,00,00,00,00,00,00,00,00,00,10,00,00,00,00,00,00,00-00,00,00,00,00,00,00,00,30,00,00,00,00,00,00,00,00,00,00,00,00,30,00,00,00-00,00,00,00,00,00,00,00,10,00,00,00,00,00,00,20,00,00,00,00,00,00,30,00,00-00,10,00,00,10,00,00,00,00,00,00,00,00,00,00,00,00,00,00,00,00,00,00,00,00-00,00,00,00,00,00,00,00,00,00,00,30,00,00,00,00,00,00,00,00,00,00,00,00,00-10,00,00,00,00,00,00,00,00,00,00,00,00,00,00,00,00,00,00,00,00,00,00,20,00
0,0,0,0,0,0,0,0,0,0,0,0,0,0,0,0,0,0,0,0,0,0,0,0,0-0,0,0,0,0,0,0,0,0,0,0,0,0,0,0,0,0,0,0,0,0,0,0,0,0-0,0,0,0,0,0,0,0,0,0,0,0,0,0,0,0,0,0,0,0,0,0,0,60,70-0,0,0,0,0,0,0,0,0,0,0,0,0,0,0,0,0,0,0,0,0,0,0,61,71-0,0,0,0,0,0,0,0,0,0,0,0,0,0,0,0,0,0,0,0,0,0,0,62,72-0,0,0,0,0,0,0,0,0,0,0,0,0,0,0,0,0,0,0,0,0,0,0,61,71-0,0,0,0,0,0,0,0,0,0,0,0,0,0,0,0,0,0,0,0,0,0,0,62,72-0,0,0,0,0,0,0,0,0,0,0,0,0,0,0,0,0,0,0,0,0,0,0,61,71-0,0,0,0,0,0,0,0,0,0,0,0,0,0,0,0,0,0,0,0,0,0,0,62,72-0,0,0,0,0,0,0,0,0,0,0,0,0,0,0,0,0,0,0,0,0,0,0,61,71-0,0,0,0,0,0,0,0,0,0,0,0,0,0,0,0,0,0,0,0,0,0,0,62,72-0,0,0,0,0,0,0,0,0,0,0,0,0,0,0,0,0,0,0,0,0,0,0,61,71-0,0,0,0,0,0,0,0,0,0,0,0,0,0,0,0,0,0,0,0,0,0,0,62,72-0,0,0,0,0,0,0,0,0,0,0,0,0,0,0,0,0,0,0,0,0,0,0,61,71-0,0,0,0,0,0,0,0,0,0,0,0,0,0,0,0,0,0,0,0,0,0,0,62,72-0,0,0,0,0,0,0,0,0,0,0,0,0,0,0,0,0,0,0,0,0,0,0,61,71-0,0,0,0,0,0,0,0,0,0,0,0,0,0,0,0,0,0,0,0,0,0,0,62,72-0,0,0,0,0,0,0,0,0,0,0,0,0,0,0,0,0,0,0,0,0,0,0,61,71-0,0,0,0,0,0,0,0,0,0,0,0,0,0,0,0,0,0,0,0,0,0,0,62,72-0,0,0,0,0,0,0,0,0,0,0,0,0,0,0,0,0,0,0,0,0,0,0,61,71-0,0,0,0,0,0,0,0,0,0,0,0,0,0,0,0,0,0,0,0,0,0,0,62,72-0,0,0,0,0,0,0,0,0,0,0,0,0,0,0,0,0,0,0,0,0,0,0,61,71-0,0,0,0,0,0,0,0,0,0,0,0,0,0,0,0,0,0,0,0,0,0,0,62,72-0,0,0,0,0,0,0,0,0,0,0,0,0,0,0,0,0,0,0,0,0,0,0,61,71-0,0,0,0,0,0,0,0,0,0,0,0,0,0,0,0,0,0,0,0,0,0,0,62,72
false
1
4
kevin
</mapData>

















