<mapData>
1x6
00,00,10,00,00,00,00,00,00,00,00,10,10,00,00,00,00,00,20,00,00,00,00,00,00-00,00,00,00,00,30,00,00,00,00,00,00,00,20,00,00,10,00,00,00,00,00,00,00,00-00,00,00,00,00,00,00,00,00,00,00,30,00,00,00,00,00,00,00,00,00,00,00,00,20-20,00,00,00,00,00,00,00,00,00,00,00,00,00,00,20,00,00,00,00,00,00,00,00,30-00,00,00,00,00,30,30,00,00,00,00,00,00,00,00,00,00,00,00,00,00,00,00,00,00-00,00,00,00,00,00,00,00,00,00,00,00,00,00,00,00,00,00,00,00,00,00,00,00,00-00,00,00,00,00,00,00,00,00,00,00,00,00,00,00,00,00,00,00,00,00,00,00,00,00-00,10,00,00,00,00,00,00,00,00,00,00,00,00,00,00,00,00,00,00,00,00,00,00,00-00,00,00,00,10,00,00,00,00,00,00,00,00,00,00,10,00,00,00,00,00,00,10,00,00-00,00,00,00,00,00,00,00,00,00,00,00,00,00,00,00,00,00,00,00,00,00,00,10,00-00,00,00,00,00,00,30,00,00,00,30,00,00,00,00,00,00,00,00,00,00,00,00,30,00-00,00,00,00,00,00,00,00,00,00,00,00,00,00,00,00,00,00,30,00,00,00,00,00,00-30,30,00,00,00,00,00,00,00,00,00,00,00,00,00,00,00,00,00,00,00,00,00,00,00-00,00,00,00,00,10,00,00,00,20,00,00,00,00,00,00,30,00,00,00,00,00,00,00,00-00,00,00,00,00,00,00,00,00,00,00,00,00,30,00,00,00,00,00,00,00,30,00,00,00-00,00,00,00,00,00,00,10,00,00,00,00,00,00,00,00,00,00,00,00,00,00,00,20,00-00,00,00,00,00,00,00,00,00,00,00,00,00,00,00,00,00,00,00,00,00,00,00,00,00-00,00,00,00,00,00,00,00,00,00,00,00,00,10,00,00,00,00,00,00,00,00,00,00,00-00,00,00,00,00,00,00,00,00,00,00,00,00,00,00,00,00,00,00,00,00,00,00,30,00-30,00,00,00,00,00,30,00,00,00,00,00,20,20,00,30,00,00,00,00,00,00,00,00,00-00,00,00,00,00,00,00,00,00,00,00,00,00,00,00,00,00,00,00,00,00,00,00,20,00-00,00,00,00,00,20,00,00,00,00,00,00,00,00,30,00,00,00,00,00,00,00,00,00,00-00,00,00,00,00,00,10,00,30,00,00,30,00,00,00,00,00,00,30,00,10,00,00,00,00-00,00,00,00,00,00,00,00,00,00,00,00,00,00,00,00,20,30,00,00,10,00,00,30,00-00,20,00,00,00,00,20,30,00,00,00,00,00,00,20,10,00,00,00,00,00,00,00,00,00
0,0,0,0,0,0,0,0,0,0,0,0,0,0,0,0,0,0,0,0,0,0,0,0,0-0,0,0,0,0,0,0,0,0,0,0,0,0,0,0,0,0,0,0,0,0,0,0,0,0-0,0,0,0,0,0,0,0,0,0,0,0,0,0,0,0,0,0,0,0,0,0,0,0,0-0,0,0,0,0,0,0,0,0,0,0,0,0,0,0,0,0,0,0,0,0,0,0,0,0-0,0,0,0,0,0,0,0,0,0,0,0,0,0,0,0,0,0,0,0,0,0,0,0,0-0,0,0,0,0,0,0,0,0,0,0,0,0,0,0,0,0,0,0,0,0,0,0,0,0-0,0,0,0,0,0,0,0,0,0,0,0,0,0,0,0,0,0,0,0,0,0,0,0,0-0,0,0,0,0,0,0,0,0,0,0,0,0,0,0,0,0,0,0,0,0,0,0,0,0-0,0,0,0,0,0,0,0,0,0,0,0,0,0,0,0,0,0,0,0,0,0,0,0,0-0,0,0,0,0,0,0,0,0,0,0,0,0,0,0,0,0,0,0,0,0,0,0,0,0-0,0,0,0,0,0,0,0,0,0,0,0,0,0,0,0,0,0,0,0,0,0,0,0,0-0,0,0,0,0,0,0,0,0,0,0,0,0,0,0,0,0,0,0,0,0,0,0,0,0-0,0,0,0,0,0,0,0,0,0,0,0,0,0,0,0,0,0,0,0,0,0,0,0,0-0,0,0,0,0,0,0,0,0,0,0,0,0,0,0,0,0,0,0,0,0,0,0,0,0-0,0,0,0,0,0,0,0,0,0,0,0,0,0,0,0,0,0,0,0,0,0,0,0,0-0,0,0,0,0,0,0,0,0,0,0,0,0,0,0,0,0,0,0,0,0,0,0,0,0-0,0,0,0,0,0,0,0,0,0,0,0,0,0,0,0,0,0,0,0,0,0,0,0,0-0,0,0,0,0,0,0,0,0,0,0,0,0,0,0,0,0,0,0,0,0,0,0,0,0-0,0,0,0,0,0,0,0,0,0,0,0,0,0,0,0,0,0,0,0,0,0,0,0,0-0,0,0,0,0,0,0,0,0,0,0,0,0,0,0,0,0,0,0,0,0,0,0,0,0-0,0,0,0,0,0,0,0,0,0,0,0,0,0,0,0,0,0,0,0,0,0,0,0,0-0,0,0,0,0,0,0,0,0,0,0,0,0,0,0,0,0,0,0,0,0,0,0,0,0-0,0,0,0,0,0,0,0,0,0,0,0,0,0,0,0,0,0,0,0,0,0,0,0,0-0,0,0,0,0,0,0,0,0,0,0,0,0,0,0,0,0,0,0,0,0,0,0,0,0-0,0,0,0,0,0,0,0,0,0,0,0,0,0,0,0,0,0,0,0,0,0,0,0,0
false
1
6
kevin
</mapData>

















