<mapData>
2x-3
00,00,00,20,00,00,00,00,00,00,00,00,00,00,00,00,30,00,00,00,00,00,00,00,00-00,00,00,00,00,00,00,00,00,00,00,00,00,20,00,30,00,00,10,00,00,00,00,00,00-10,20,00,00,00,30,30,10,00,00,30,00,00,00,00,00,00,00,00,00,00,00,10,00,00-00,00,00,00,00,00,00,00,00,00,00,00,00,00,00,00,00,00,00,00,00,10,00,00,00-00,00,00,00,00,00,00,00,00,00,10,00,00,00,00,00,00,00,00,00,00,00,00,00,00-00,00,00,00,30,00,00,00,00,00,00,00,00,00,00,00,00,00,00,00,00,00,00,00,00-00,00,00,10,00,00,00,00,00,00,00,00,00,00,00,00,00,00,00,00,00,00,00,00,00-00,00,00,00,00,00,00,00,00,00,10,00,00,00,00,00,00,00,00,30,00,00,00,00,20-00,00,00,00,00,00,00,00,00,00,00,00,00,00,00,10,00,00,00,00,20,00,00,00,00-10,00,00,00,00,20,00,00,00,00,00,00,00,00,00,00,00,00,00,00,00,00,00,00,20-00,30,20,00,00,00,00,00,00,00,00,30,00,00,00,00,00,00,00,00,00,00,00,00,00-00,00,00,00,00,00,10,00,00,00,00,00,00,00,00,00,00,00,20,00,00,00,00,00,00-00,00,00,00,00,00,00,00,00,00,00,00,00,00,20,00,00,00,00,00,00,00,00,00,00-00,00,00,00,00,10,00,00,00,00,00,00,10,00,00,00,00,00,00,00,00,30,00,00,00-00,00,00,00,00,00,20,00,00,00,00,00,00,30,00,30,00,00,00,00,00,00,00,00,00-00,00,00,00,00,00,00,00,00,00,00,00,00,30,00,00,00,00,00,00,00,00,00,00,00-00,00,00,10,00,00,00,00,00,00,00,20,00,00,00,00,00,00,00,00,00,00,00,00,00-00,00,10,00,00,00,00,00,00,00,00,00,00,00,00,30,00,00,00,00,20,00,00,00,00-00,00,00,00,00,00,00,00,00,00,00,00,00,00,00,00,00,00,00,00,00,00,00,00,00-00,00,00,00,00,00,00,00,00,00,30,00,00,00,00,00,00,00,00,00,00,00,00,00,00-00,00,00,00,00,00,00,00,00,00,00,00,00,00,00,00,00,00,00,00,00,00,00,20,00-20,00,00,00,00,00,00,00,00,00,00,00,00,00,00,00,00,00,00,00,00,00,20,00,00-30,00,00,00,00,00,00,00,00,00,00,00,10,00,30,00,00,00,30,00,00,00,20,00,00-00,20,00,00,00,00,00,00,00,00,00,00,00,00,10,00,00,00,00,20,00,00,00,00,00-00,30,00,00,00,00,00,00,00,00,00,00,00,00,30,00,30,20,00,00,00,00,00,00,00
66,76,55,65,75,55,65,75,56,66,76,55,65,75,56,66,76,56,66,76,56,66,76,55,65-65,75,56,66,76,56,66,76,55,65,75,56,66,76,55,65,75,55,65,75,55,65,75,56,66-66,76,55,65,75,55,65,75,56,66,76,55,65,75,56,66,76,56,66,76,56,66,76,55,65-65,75,56,66,76,56,66,76,55,65,75,56,66,76,55,65,75,55,65,75,55,65,75,56,66-66,76,55,65,75,55,65,75,56,66,76,55,65,75,56,66,76,56,66,76,56,66,76,55,65-67,77,56,66,76,56,66,76,55,65,75,56,66,76,55,65,75,55,65,75,55,65,75,56,66-68,78,55,65,75,55,65,75,56,66,76,55,65,75,56,66,76,56,66,76,56,66,76,55,65-0,0,56,66,76,56,66,76,55,65,75,56,66,76,55,65,75,55,65,75,55,65,75,56,66-0,0,57,67,77,57,67,77,56,66,76,55,65,75,56,66,76,56,66,76,56,66,76,57,67-0,0,58,68,78,58,68,78,57,67,77,56,66,76,57,67,77,57,67,77,57,67,77,58,68-0,0,0,0,0,0,0,0,58,68,78,57,67,77,58,68,78,58,68,78,58,68,78,0,0-0,0,0,0,0,0,0,0,0,0,0,58,68,78,0,0,0,0,0,0,0,0,0,0,0-0,0,0,0,0,0,0,0,0,0,0,0,0,0,0,0,0,0,0,0,0,0,0,0,0-0,0,0,0,0,0,0,0,0,0,0,0,0,0,0,0,0,0,0,0,0,0,0,0,0-0,0,0,0,0,0,0,0,0,0,0,0,0,0,0,0,0,0,0,0,0,0,0,0,0-0,0,0,0,0,0,0,0,0,0,0,0,0,0,0,0,0,0,0,0,0,0,0,0,0-0,0,0,0,0,0,0,0,0,0,0,0,0,0,0,0,0,0,0,0,0,0,0,0,0-0,0,0,0,0,0,0,0,0,0,0,0,0,0,0,0,0,0,0,0,0,0,0,0,0-0,0,0,0,0,0,0,0,0,0,0,0,0,0,0,0,0,0,0,0,0,0,0,0,0-0,0,0,0,0,0,0,0,0,0,0,0,0,0,0,0,0,0,0,0,0,0,0,0,0-0,0,0,0,0,0,0,0,0,0,0,0,0,0,0,0,0,0,0,0,0,0,0,0,0-0,0,0,0,0,0,0,0,0,0,0,0,0,0,0,0,0,0,0,0,0,0,0,0,0-0,0,0,0,0,0,0,0,0,0,0,0,0,0,0,0,0,0,0,0,0,0,0,0,0-0,0,0,0,0,0,0,0,0,0,0,0,0,0,0,0,0,0,0,0,0,0,60,70,60-0,0,0,0,0,0,0,0,0,0,0,0,0,0,0,0,0,0,0,0,0,0,61,71,61
false
2
-3
kevin
</mapData>

















