<mapData>
5x-4
00,00,00,00,20,00,10,10,00,00,00,00,00,00,00,00,00,00,00,20,00,00,00,00,00-00,00,00,00,00,00,00,20,00,00,20,00,00,00,00,00,00,00,00,00,00,00,00,00,00-00,00,00,00,30,30,00,00,00,00,00,00,00,00,00,00,00,00,00,00,00,00,00,00,00-00,00,00,30,00,00,00,00,00,00,00,00,00,00,00,00,00,00,00,00,00,00,00,00,00-00,00,00,00,00,00,00,00,00,00,00,20,00,00,00,00,00,00,00,00,30,00,00,10,00-00,00,00,00,00,00,00,00,00,00,00,20,00,00,00,00,00,00,00,00,00,10,00,00,00-00,00,00,00,00,00,00,00,00,00,00,00,00,00,00,00,00,00,00,00,10,00,10,10,00-00,00,00,00,00,00,00,00,00,00,00,00,00,00,30,00,00,00,00,00,20,00,00,00,00-00,00,00,20,00,00,00,00,00,00,00,00,00,00,00,00,00,00,00,00,00,00,00,00,00-00,00,10,00,00,00,00,20,10,00,00,00,00,00,00,00,00,00,00,10,00,00,00,00,00-00,00,00,00,00,00,00,00,00,00,00,00,00,00,00,00,00,00,00,00,00,30,00,00,00-00,00,00,00,00,00,00,00,00,00,00,00,00,00,00,10,20,00,00,00,00,00,00,00,00-00,00,10,10,00,00,00,00,00,00,30,00,00,00,00,00,00,30,00,00,00,00,00,00,00-00,00,00,00,00,00,00,00,00,00,00,00,00,00,00,00,00,00,00,20,00,00,00,00,00-00,00,00,00,00,00,00,00,00,20,00,30,00,00,00,00,00,00,00,00,00,00,00,00,00-00,30,00,10,10,00,00,00,00,30,00,00,30,00,00,00,00,00,00,00,00,00,00,10,00-00,00,00,00,00,00,00,00,10,00,00,00,00,00,00,00,00,00,00,00,20,10,00,00,00-00,30,00,00,20,00,10,00,00,00,00,00,00,00,00,00,00,00,00,00,00,00,00,00,00-00,00,00,00,00,00,00,00,00,00,00,00,00,00,00,30,00,00,00,00,00,00,00,00,00-00,00,00,00,00,00,00,00,00,00,10,00,00,00,00,00,00,00,00,00,00,00,00,00,00-00,00,10,00,00,00,00,00,00,00,00,00,00,00,00,00,00,00,00,00,00,00,00,00,00-00,00,00,00,00,00,00,00,00,00,00,00,00,00,00,00,00,00,00,00,00,00,00,00,00-00,00,00,00,00,00,00,00,00,00,00,00,00,00,00,10,00,00,00,00,00,00,00,00,00-00,00,00,00,00,00,00,00,00,00,00,00,00,00,00,30,00,00,10,00,00,00,20,00,00-00,00,00,00,00,00,00,00,00,00,00,00,00,00,00,00,00,00,00,10,00,00,00,20,00
0,0,0,0,0,13,0,0,0,0,0,0,0,0,0,0,0,16,0,13,0,0,0,0,0-0,0,0,0,0,13,0,0,0,0,0,0,0,0,0,0,0,16,0,13,0,16,16,16,16-0,13,13,13,13,13,0,13,13,13,13,13,0,16,16,16,16,16,0,13,0,0,0,0,0-0,13,0,0,0,0,0,13,0,0,0,13,0,0,0,0,0,0,0,13,13,13,13,13,13-0,13,0,13,13,13,13,13,0,13,13,13,13,13,13,13,13,13,13,13,0,0,0,0,0-0,13,0,13,617,620,620,620,620,620,620,620,620,620,620,620,620,620,717,13,0,13,13,13,13-0,13,0,13,718,0,0,0,0,0,0,0,0,0,0,0,0,0,718,13,0,13,0,0,0-0,13,0,13,718,0,0,0,0,0,0,0,0,0,0,0,0,0,718,13,0,13,0,16,0-0,13,0,13,718,0,0,0,440,540,640,740,545,645,745,0,0,0,718,13,0,13,0,16,0-0,13,0,13,718,0,0,0,441,541,641,741,546,646,746,0,0,0,718,13,0,13,0,16,0-0,13,0,13,718,0,0,0,442,542,642,742,547,647,747,0,0,0,718,13,0,13,0,16,0-0,13,0,13,718,0,0,0,443,543,643,743,548,648,748,0,0,0,718,13,0,13,0,16,0-0,13,0,13,718,0,0,0,444,544,644,744,549,649,749,0,0,0,718,13,0,13,0,16,0-0,13,0,13,718,0,0,0,0,0,0,13,0,0,0,0,0,0,718,13,0,13,0,16,0-0,13,0,13,718,0,0,0,0,0,0,13,0,0,0,0,0,0,718,13,0,13,0,16,0-0,13,0,13,619,620,620,620,620,720,0,13,0,520,620,620,620,620,719,13,0,13,0,16,0-0,13,0,13,0,0,0,0,0,0,0,13,0,0,0,0,0,0,0,13,0,13,0,16,0-0,13,0,13,13,13,13,0,13,13,13,13,13,13,13,13,13,13,13,13,0,13,0,16,0-0,0,0,0,0,0,13,0,13,0,0,0,0,0,0,0,0,0,0,0,0,13,0,16,0-13,13,13,13,13,13,13,0,13,0,13,13,13,13,13,13,13,13,13,13,0,13,0,16,0-0,0,0,0,0,0,0,0,13,520,620,620,620,720,0,0,0,0,0,13,0,13,0,16,0-0,0,16,16,16,16,16,0,13,13,13,13,0,0,0,0,16,16,0,13,13,13,0,16,0-0,0,16,0,0,0,16,0,617,620,720,13,520,620,717,0,0,16,0,0,0,0,0,16,0-16,0,16,0,16,16,16,0,718,0,0,13,0,0,718,0,0,16,16,16,16,16,16,16,16-0,0,16,0,0,0,0,0,718,0,0,0,0,0,718,0,0,0,0,0,0,0,0,0,0
false
5
-4
kevin
</mapData>

















