<mapData>
6x-5
00,00,00,00,00,20,00,00,00,00,00,00,00,00,00,00,00,00,30,00,00,00,00,00,20-00,00,10,00,00,00,00,00,00,00,00,00,00,00,00,00,00,00,00,00,00,00,00,00,00-00,00,00,00,00,00,00,20,00,00,00,00,00,00,00,00,00,00,10,00,00,00,00,00,00-00,00,10,00,20,00,00,00,00,00,00,00,30,00,00,00,00,00,00,00,00,00,00,00,00-00,00,00,00,00,00,00,00,00,00,00,00,00,00,00,00,00,00,00,00,00,00,00,00,00-00,00,00,00,00,10,00,00,00,00,00,00,10,00,00,10,00,00,00,10,00,00,00,00,00-00,00,00,00,00,00,10,00,00,00,00,00,00,00,00,00,00,00,00,00,00,30,00,00,00-00,30,00,00,00,00,00,00,00,00,00,00,00,00,00,00,00,00,00,00,00,00,00,00,00-00,00,00,00,10,00,00,00,00,00,00,00,20,00,00,00,00,00,00,00,00,00,00,00,00-00,00,00,00,00,00,00,30,00,30,00,00,00,00,00,00,00,00,00,00,00,00,00,00,00-00,00,00,30,00,00,00,00,00,00,00,20,20,00,00,00,00,00,20,00,00,00,30,00,00-00,00,00,00,00,00,00,00,00,00,00,00,00,00,00,00,00,00,00,00,00,00,00,00,00-00,00,00,00,00,00,00,00,00,00,00,00,00,00,00,00,00,00,00,00,00,00,30,00,00-00,00,00,00,20,00,00,00,00,00,00,00,00,00,00,00,00,00,00,00,00,00,00,00,00-20,00,00,00,00,00,00,00,00,00,00,00,00,00,00,00,00,00,00,00,00,00,00,30,00-00,00,00,00,00,00,00,00,00,00,20,00,00,00,00,00,30,10,00,10,00,00,00,00,00-00,00,00,00,00,00,00,00,00,00,00,00,30,00,00,00,00,00,00,00,00,00,00,00,00-00,00,00,00,00,00,00,00,00,00,00,00,20,00,00,00,00,00,00,00,00,00,00,00,00-00,00,00,00,00,00,00,00,00,00,00,00,00,00,00,00,00,00,00,00,00,00,00,10,00-00,10,00,00,00,00,00,00,30,00,00,00,00,00,00,00,00,00,00,00,00,00,00,30,00-00,00,00,00,00,00,00,00,00,00,00,00,00,00,00,00,00,00,00,00,00,00,00,00,00-00,00,00,00,00,00,00,00,00,00,00,00,00,00,00,00,00,00,00,00,00,10,00,00,00-00,00,00,00,00,00,00,00,00,00,00,00,10,30,00,20,00,00,00,00,00,00,10,00,00-00,00,00,00,00,00,00,00,00,00,10,00,00,00,00,00,00,00,00,00,00,00,30,10,00-00,10,00,00,00,30,00,00,00,00,00,00,00,00,00,00,00,00,00,00,00,00,00,00,00
0,0,0,0,0,16,0,16,0,0,16,0,0,0,0,0,0,0,0,16,0,16,0,0,0-0,0,0,0,0,16,0,16,16,0,16,0,16,16,16,16,16,16,16,16,0,16,0,0,0-13,13,13,13,0,16,0,0,16,0,16,0,16,0,0,0,0,0,0,0,0,16,0,0,0-0,0,0,13,0,16,0,16,16,0,16,0,16,16,16,16,16,16,16,16,0,16,0,0,0-16,16,0,13,0,16,0,16,0,0,16,0,0,0,0,0,0,0,0,16,0,16,0,0,0-0,16,0,13,0,16,0,16,16,0,16,16,16,16,16,16,16,16,16,16,0,16,0,0,0-0,16,0,13,0,16,0,0,16,0,16,0,0,0,0,0,0,0,0,0,0,16,0,0,0-0,16,0,13,0,16,0,16,16,0,16,0,16,16,16,16,16,16,16,16,16,16,0,0,0-0,0,0,13,0,16,0,16,0,0,16,0,0,0,0,0,0,0,0,0,0,16,0,0,0-0,0,0,13,0,16,0,16,16,0,16,16,16,16,16,16,16,16,16,16,0,16,0,0,0-16,16,0,13,0,16,0,0,16,0,16,0,0,0,0,0,0,0,0,0,0,16,0,0,0-0,16,0,13,0,16,16,16,16,0,16,16,16,16,16,16,16,16,16,16,16,16,0,0,0-0,16,0,13,0,16,0,0,0,0,0,0,0,0,0,0,0,0,0,0,0,16,0,0,0-0,16,0,13,0,16,0,16,16,16,16,16,16,16,16,16,16,16,16,16,0,16,0,0,0-0,16,0,13,0,16,0,16,0,0,0,0,0,16,0,0,0,0,0,0,0,16,0,0,0-0,16,0,13,0,16,0,16,0,13,13,13,13,13,0,16,16,16,16,16,16,16,0,0,0-0,16,0,13,0,16,0,16,0,13,0,16,0,13,0,16,0,0,0,0,0,0,0,0,0-0,16,0,13,0,16,0,16,0,13,0,16,0,13,0,16,0,0,0,0,0,0,0,0,0-0,16,0,13,0,16,0,16,0,13,0,16,0,13,0,16,0,0,0,0,0,0,0,0,0-0,16,0,13,0,16,0,16,0,13,0,16,0,13,0,16,0,0,0,0,0,0,0,0,0-0,16,0,13,0,16,0,16,0,13,0,16,0,13,0,16,0,0,0,0,0,0,0,0,0-0,16,0,13,0,16,16,16,0,13,0,16,0,13,0,16,0,0,0,0,0,0,0,0,0-0,16,0,13,0,0,0,0,0,13,0,16,0,13,0,16,0,0,0,0,0,0,0,0,0-16,16,0,13,13,13,13,13,13,13,0,16,0,13,0,16,0,0,0,0,0,0,0,0,0-0,0,0,0,0,0,0,0,0,0,0,16,0,13,0,16,0,0,0,0,0,0,0,0,0
false
6
-5
kevin
</mapData>

















