<mapData>
6x5
00,00,00,00,00,00,00,00,00,00,00,00,00,00,00,00,00,00,00,00,00,00,20,00,00-00,00,00,00,00,00,00,00,00,30,00,00,00,00,00,00,10,00,20,00,00,00,00,00,00-00,01,00,01,00,00,00,00,00,20,00,00,01,00,00,00,00,00,00,00,00,00,00,00,00-00,00,01,20,00,00,00,00,00,00,00,00,00,00,00,00,00,00,00,00,00,00,10,10,00-00,01,01,01,01,00,00,00,00,00,00,00,00,00,00,00,30,00,00,00,00,30,00,00,00-00,00,01,01,01,01,00,00,00,00,00,00,00,00,00,00,00,20,00,20,00,00,00,00,00-00,00,00,01,01,01,00,00,00,00,00,10,00,01,00,00,00,00,00,00,00,00,00,00,20-00,00,00,00,00,01,01,01,00,00,00,00,00,00,01,01,00,20,00,00,10,00,00,00,00-00,00,20,00,00,00,01,00,00,10,00,00,01,00,01,00,00,00,00,00,00,00,00,00,00-00,00,00,00,00,00,00,01,00,00,00,00,00,00,00,01,00,00,00,00,00,00,00,10,00-00,00,00,00,20,00,00,00,00,00,00,00,00,00,00,00,00,00,00,00,00,00,00,00,00-00,00,00,00,00,00,00,00,00,00,00,00,30,30,00,01,00,00,00,00,30,00,20,00,10-00,01,01,00,00,00,00,00,00,00,00,00,01,00,00,30,01,01,00,00,00,00,00,00,00-00,00,01,01,01,00,00,01,00,00,00,20,00,00,00,00,01,01,00,00,00,00,20,00,10-00,00,00,00,00,01,00,00,00,20,00,00,00,00,00,00,10,01,00,00,00,00,00,00,00-00,00,00,00,00,00,00,00,00,00,00,00,01,00,00,00,01,00,00,00,00,00,00,00,00-00,20,00,00,00,00,00,00,01,01,00,00,00,00,00,00,00,01,00,30,30,00,00,00,00-00,00,00,01,01,00,00,01,01,01,01,00,10,00,00,00,01,00,00,00,00,00,00,00,00-00,10,00,00,00,00,00,01,01,00,01,00,00,00,00,01,00,01,62,72,62,72,00,00,00-00,00,00,00,00,00,00,01,01,30,01,01,00,00,01,01,00,01,61,71,61,71,00,00,00-00,00,20,00,00,00,00,01,00,01,01,00,00,00,00,01,01,20,42,52,42,52,00,00,00-00,00,30,00,00,00,00,00,00,00,00,00,00,00,00,01,00,00,00,30,00,00,00,20,00-00,00,00,00,00,00,00,00,00,30,00,00,20,00,00,00,00,30,00,00,00,00,30,00,20-00,30,00,00,00,00,00,00,00,00,00,00,00,00,00,00,00,00,00,00,00,10,00,00,00-00,00,30,00,00,00,00,00,00,00,00,00,00,00,00,00,00,00,00,00,00,30,00,00,10
72,0,0,0,61,71,62,72,61,71,62,72,0,0,62,72,61,71,62,72,0,0,0,62,72-71,0,0,0,62,72,61,71,62,72,61,71,0,0,61,71,62,72,61,71,0,0,0,61,71-72,0,0,0,61,71,62,72,61,71,62,72,0,0,62,72,61,71,62,72,0,0,0,62,72-71,0,0,0,42,52,61,71,62,72,61,71,0,0,61,71,62,72,61,71,0,0,0,61,71-72,0,0,0,0,0,62,72,61,71,62,72,0,0,62,72,61,71,62,72,0,0,0,62,72-71,0,0,0,0,0,61,71,62,72,61,71,0,0,61,71,62,72,61,71,0,0,0,61,71-72,0,0,0,0,0,42,52,61,71,62,72,0,0,42,52,61,71,62,72,0,0,0,62,72-71,60,70,0,0,0,0,0,62,72,61,71,0,0,0,0,62,72,61,71,0,0,0,61,71-72,61,71,60,70,0,0,0,61,71,62,72,0,0,0,0,61,71,62,72,0,0,0,62,72-71,62,72,61,71,60,70,0,62,72,61,71,0,0,0,0,62,72,61,71,0,0,0,61,71-72,61,71,62,72,61,71,0,61,71,62,72,0,0,0,0,61,71,62,72,60,70,0,62,72-71,42,52,61,71,62,72,33,62,72,61,71,0,0,0,0,42,52,61,71,61,71,0,61,71-72,0,0,42,52,61,71,0,61,71,62,72,0,0,0,0,0,0,62,72,62,72,0,62,72-71,0,0,0,0,42,52,0,62,72,61,71,0,0,0,0,0,0,61,71,61,71,0,61,71-52,0,0,0,0,0,0,0,61,71,62,72,0,0,0,0,0,0,62,72,62,72,0,62,72-0,0,0,0,0,0,0,0,42,52,61,71,0,0,0,0,0,0,61,71,61,71,0,61,71-70,0,0,0,0,0,0,0,0,0,42,52,0,0,0,0,0,0,62,72,62,72,0,42,52-71,60,70,0,0,0,0,0,0,0,0,0,0,0,0,0,0,0,61,71,61,71,0,0,0-72,61,71,60,70,60,70,0,0,0,0,0,0,0,0,0,0,0,62,72,62,72,0,0,0-71,62,72,61,71,61,71,0,0,0,0,0,0,0,0,0,0,0,61,71,61,71,0,0,0-72,61,71,62,72,62,72,0,0,0,0,0,0,60,70,0,0,0,42,52,42,60,70,60,70-71,62,72,61,71,61,71,60,70,60,70,60,70,61,71,0,0,0,0,0,0,61,71,61,71-72,61,71,62,72,62,72,61,71,61,71,61,71,62,72,60,70,60,70,60,70,62,72,62,72-71,62,72,61,71,61,71,62,72,62,72,62,72,61,71,61,71,61,71,61,71,61,71,61,71-72,61,71,62,72,62,72,61,71,61,71,61,71,62,72,62,72,62,72,62,72,62,72,62,72
false
6
5
kevin
</mapData>

















