<mapData>
7x-1
00,00,00,00,00,00,00,00,00,00,00,10,00,00,20,00,00,20,00,00,00,00,00,00,00-00,00,00,00,00,00,00,00,00,00,30,00,00,00,00,00,00,00,00,00,00,00,00,10,00-00,20,00,00,00,00,20,00,00,00,00,00,00,00,00,00,20,00,00,00,00,10,00,00,00-00,00,00,00,00,00,00,00,30,00,00,00,00,00,00,00,00,00,00,00,00,00,00,00,00-00,00,00,00,00,00,10,00,00,00,00,00,00,10,00,30,00,30,00,00,00,00,00,10,00-00,00,00,00,00,00,20,00,00,00,00,00,00,00,00,00,00,00,00,20,00,00,00,00,00-00,00,00,00,00,00,00,00,00,00,00,00,00,00,00,00,00,00,00,00,00,00,00,00,00-00,00,00,00,00,00,00,00,00,00,00,00,00,00,00,00,20,00,20,00,00,20,00,00,00-00,00,00,00,00,00,00,00,00,00,00,00,01,00,00,00,00,00,00,00,00,00,00,00,00-00,00,00,00,00,00,00,00,00,00,00,00,10,00,01,01,00,00,00,00,00,00,00,00,00-00,00,00,00,20,00,00,00,00,00,00,00,01,01,01,01,01,00,20,00,00,00,00,00,00-00,00,00,00,30,00,00,00,10,00,00,01,01,00,00,00,01,01,00,00,00,00,00,00,00-00,00,00,00,00,00,00,00,00,00,00,01,01,00,00,00,01,00,00,00,00,00,00,10,00-00,00,00,00,00,00,00,00,00,00,00,20,01,00,00,00,01,01,01,00,00,00,00,4332,4332-00,00,00,00,00,00,00,00,00,00,00,00,01,01,01,01,01,01,01,00,00,00,00,30,10-00,00,00,00,00,00,00,00,00,00,00,00,00,01,00,01,01,01,01,00,00,00,00,00,00-00,00,00,10,00,00,00,00,00,00,00,10,00,00,00,01,00,01,00,00,00,00,00,00,00-00,00,00,00,00,00,00,00,00,00,00,00,00,00,00,00,00,00,00,00,00,00,10,00,30-00,00,00,00,00,00,00,00,00,00,00,00,00,00,00,00,00,00,00,00,00,00,00,00,00-00,00,00,00,00,00,00,00,00,00,00,00,30,00,00,00,00,00,00,00,00,00,30,00,00-00,00,00,00,00,00,00,20,30,00,00,00,00,00,00,00,00,00,00,00,00,00,00,00,00-00,00,00,00,00,10,00,00,00,00,10,00,00,00,00,00,00,00,20,00,00,00,00,00,00-00,00,00,20,10,00,00,00,00,00,00,30,00,00,00,00,00,00,00,30,00,00,00,00,30-00,00,00,00,00,00,00,00,00,00,00,00,00,00,00,00,00,00,00,00,30,00,00,10,00-00,00,00,00,00,00,00,00,00,00,00,00,00,10,00,00,00,00,00,00,00,00,00,00,00
61,71,61,71,62,72,62,72,61,71,62,72,61,71,62,72,61,71,61,71,61,71,62,72,61-62,72,62,72,41,51,41,51,62,72,41,51,62,72,41,51,62,72,62,72,62,72,61,71,62-41,51,41,51,62,72,62,72,41,51,42,52,41,51,42,52,41,51,41,51,41,51,42,52,41-40,50,62,72,41,51,41,51,42,52,0,0,42,52,0,0,42,52,42,52,62,72,0,0,42-41,51,41,51,62,72,42,52,0,0,0,0,0,0,0,0,0,0,0,0,41,51,0,0,0-40,50,62,72,41,51,0,0,0,0,0,0,0,0,0,0,0,0,0,0,42,52,0,0,0-41,51,41,51,42,52,0,0,0,0,3332,4332,4332,4332,4332,5332,0,0,0,0,0,0,0,0,0-40,50,62,72,0,0,0,0,3332,4332,4333,0,0,0,0,4333,4332,5332,0,0,0,0,0,0,0-41,51,41,51,0,0,0,0,3333,0,0,0,0,0,0,0,0,5333,0,0,0,0,0,0,0-40,50,62,72,0,0,0,3332,4333,0,0,0,0,0,0,0,0,4333,5332,0,0,0,0,0,0-41,51,41,51,0,0,0,3333,0,0,0,0,0,0,0,0,0,0,4333,5332,0,0,0,0,0-40,50,62,72,0,0,0,3333,0,0,0,0,0,0229,1229,2229,0,0,0,4333,5332,0,0,0,0-41,51,41,51,0,0,0,3333,0,0,0,0,0,0230,1230,2230,0,0,0,0,4333,4332,5332,0,0-40,50,42,52,0,0,0,3334,6334,0,0,0,0,0231,1231,2231,0,0,0,0,0,0,4332,320,320-41,51,0,0,0,0,0,0,3333,0,0,0,0,0,0,0,0,0,0,0,0,0,0,321,321-40,50,0,0,0,0,0,0,3334,4334,3231,0,0,0,0,0,0,0,0,0,0,0,320,322,322-41,51,0,0,0,0,0,0,0,0,0231,3231,0,0,0,0,0,0,0,0,0,320,321,321,321-40,50,60,70,0,0,0,0,0,0,0,0231,3231,0,0,0,0,0,0,0,0,321,322,322,322-41,51,41,51,0,0,0,60,70,0,0,0,0333,0,0,0,0,0,0,0,0,322,421,321,321-40,50,62,72,0,0,0,41,51,0,0,3332,4333,0,0,0,0,0,0,0,0,421,422,322,322-41,51,41,51,0,0,0,42,52,0,3332,4332,0,0,0,0,0,0,0,0,0,422,3332,4332,4332-40,50,42,52,0,0,0,0,3332,4332,4333,0,0,0,0,0,0,0,0,3332,4332,4332,4333,0,0-41,51,0,0,0,0,0,0,3333,0,0,0,0,0,0,0,0,0,3332,4333,0,0,0,0,0-40,50,0,0,0,0,0,0,3333,0,0,0,0,0,0,0,0,0,3333,0,0,0,0,0,0-41,51,0,0,0,0,0,0,3333,0,0,0,0,0,0,0,0,0,3333,0,0,0,0,0,0
false
7
-1
kevin
</mapData>

















