<mapData>
7x-3
00,00,00,00,00,00,00,30,00,00,00,00,00,30,00,00,00,00,10,30,00,00,00,00,00-00,30,10,00,00,00,00,00,00,00,00,00,00,00,00,00,00,00,20,00,00,00,00,00,00-00,00,10,00,00,00,10,00,00,00,00,00,00,00,00,00,00,00,00,00,00,00,00,00,00-00,00,00,30,00,00,00,00,00,00,00,00,00,00,00,00,00,20,00,00,00,00,00,00,00-00,00,00,00,00,00,00,30,00,00,00,00,00,30,00,00,00,00,10,30,00,00,00,00,00-00,30,10,00,00,00,00,00,00,00,00,00,00,00,00,00,00,00,20,00,00,00,00,30,00-00,00,10,00,00,00,10,00,00,00,00,00,00,00,00,00,00,00,00,00,00,00,526,626,626-00,00,00,30,00,00,00,00,00,00,00,00,00,00,00,00,00,20,00,00,00,526,629,627,627-00,00,00,00,00,00,00,00,00,00,00,00,00,00,00,00,00,00,00,00,526,629,627,627,627-00,00,00,00,00,00,00,00,00,00,00,00,00,526,626,626,626,626,626,626,629,627,627,627,627-00,00,00,00,30,00,00,00,00,00,00,526,626,629,627,627,627,627,627,627,627,627,627,627,627-30,00,30,00,00,00,00,00,00,526,626,629,627,627,627,627,627,627,627,627,627,627,627,627,627-00,00,00,00,00,00,00,00,526,629,627,627,627,627,627,627,627,627,627,627,627,627,627,627,627-626,626,626,626,626,626,626,626,629,627,627,627,627,627,627,627,627,627,627,627,627,627,627,627,627-628,628,628,628,628,628,628,628,630,627,627,627,627,627,627,627,627,627,627,627,627,627,627,627,627-00,00,00,00,00,00,00,00,527,627,627,627,627,627,627,627,627,627,627,627,627,627,627,627,627-00,00,30,00,00,00,00,00,527,627,627,627,627,627,627,627,627,627,627,627,627,627,627,627,627-00,00,30,00,00,00,00,00,527,627,627,627,627,627,627,627,627,627,627,627,627,627,627,627,627-00,00,00,00,00,00,00,00,527,627,627,627,627,627,627,627,627,627,627,627,627,627,627,627,627-00,00,00,00,00,00,00,00,527,627,627,627,627,627,627,627,627,627,627,627,627,627,627,627,627-00,00,00,30,00,00,00,00,527,627,627,627,627,627,627,627,627,627,627,627,627,627,627,627,627-00,00,00,00,00,00,00,00,527,627,627,627,627,627,627,627,627,627,627,627,627,627,627,627,627-00,00,20,00,00,00,00,00,527,627,627,627,627,627,627,627,627,627,627,627,627,627,627,627,627-00,00,00,00,00,00,00,00,528,630,627,627,627,627,627,627,627,627,627,627,627,627,627,627,627-00,00,00,00,00,00,00,00,00,527,627,627,627,627,627,627,627,627,627,627,627,627,627,627,627
0,0,0,0,0,0,0,0,0,0,0,0,0,0,0,0,0,0,0,0,0,0,0,0,0-0,0,0,0,0,0,0,0,0,0,0,0,0,0,0,0,0,0,0,0,0,0,0,0,0-0,0,0,0,0,0,0,0,0,0,0,0,0,0,0,0,0,0,0,0,0,0,0,0,0-0,0,0,0,0,0,0,0,0,0,0,0,0,0,0,0,0,0,0,0,0,0,0,0,0-0,0,0,0,0,0,0,0,0,0,0,0,0,0,0,0,0,0,0,0,0,0,0,0,0-0,0,0,0,0,0,0,0,0,0,0,0,0,0,0,0,0,0,0,0,0,0,0,0,0-0,0,0,0,0,0,0,0,0,0,0,0,0,0,0,0,0,0,0,0,0,0,0,0,0-0,0,0,0,0,0,0,0,0,0,0,0,0,0,0,0,0,0,0,0,0,0,0,0,0-0,0,0,0,0,0,0,0,0,0,0,0,0,0,0,0,0,0,0,0,0,0,0,0,0-0,0,0,0,0,0,0,0,0,0,0,0,0,0,0,0,0,0,0,0,0,0,0,0,0-0,0,0,0,0,0,0,0,0,0,0,0,0,0,0,0,0,0,0,0,0,0,0,0,0-0,0,0,0,0,0,0,0,0,0,0,0,0,0,0,0,0,0,0,0,0,0,0,0,0-0,0,0,0,0,0,0,0,0,0,0,0,0,0,0,0,0,0,0,0,0,0,0,0,0-0,0,0,0,0,0,0,0,0,0,0,0,0,0,0,0,0,0,0,0,0,0,0,0,0-0,0,0,0,0,0,0,0,0,0,0,0,0,0,0,0,0,0,0,0,0,0,0,0,0-0,0,0,0,0,0,0,0,0,0,0,0,0,0,0,0,0,0,0,0,0,0,0,0,0-0,0,0,0,0,0,0,0,0,0,0,0,0,0,0,0,0,0,0,0,0,0,0,0,0-0,0,0,0,0,0,0,0,0,0,0,0,0,0,0,0,0,0,0,0,0,0,0,0,0-0,0,0,0,0,0,0,0,0,0,0,0,0,0,0,0,0,0,0,0,0,0,0,0,0-0,0,0,0,0,0,0,0,0,0,0,0,0,0,0,0,0,0,0,0,0,0,0,0,0-0,0,0,0,0,0,0,0,0,0,0,0,0,0,0,0,0,0,0,0,0,0,0,0,0-0,0,0,0,0,0,0,0,0,0,0,0,0,0,0,0,0,0,0,0,0,0,0,0,0-0,0,0,0,0,0,0,0,0,0,0,0,0,0,0,0,0,0,0,0,0,0,0,0,0-0,0,0,0,0,0,0,0,0,0,0,0,0,0,0,0,0,0,0,0,0,0,0,0,0-0,0,0,0,0,0,0,0,0,0,0,0,0,0,0,0,0,0,0,0,0,0,0,0,0
false
7
-3
kevin
</mapData>

















