<mapData>
8x-1
00,00,00,00,10,00,00,00,00,00,30,00,00,00,00,10,00,00,00,00,00,00,00,00,00-00,00,00,00,00,00,00,00,00,00,00,00,00,00,00,00,00,00,00,00,00,00,30,30,10-00,00,00,00,00,00,00,10,00,00,00,00,00,00,00,00,00,00,00,00,00,00,00,20,00-00,00,00,00,00,00,00,00,00,00,00,00,00,00,00,20,00,00,00,20,00,00,00,00,00-00,00,00,00,00,00,00,00,00,00,00,00,00,00,00,00,00,00,10,00,00,00,00,00,00-00,00,30,00,00,00,00,00,00,00,00,00,00,00,00,00,00,00,00,00,00,20,00,00,00-00,00,00,00,00,00,00,00,10,00,00,00,00,00,00,00,00,00,00,00,00,00,00,00,00-00,00,00,00,30,00,00,00,00,00,00,00,00,20,00,00,00,00,00,00,00,00,00,00,00-00,00,00,00,00,00,00,00,00,00,10,00,00,00,00,30,00,00,00,00,00,20,30,00,00-30,00,00,00,00,00,00,00,00,10,00,00,00,00,00,00,20,00,00,00,00,00,00,00,00-00,00,00,00,00,00,00,00,00,00,00,00,00,00,01,00,01,01,01,01,01,00,00,00,00-00,10,00,00,00,00,00,00,00,00,00,00,00,00,00,00,01,01,01,00,01,01,00,00,00-00,00,00,00,00,00,00,30,00,00,00,00,00,00,00,00,01,00,01,20,00,00,00,00,00-1332,1332,00,00,00,00,00,30,00,00,00,00,00,00,00,00,01,01,00,10,00,00,00,00,00-00,00,00,30,00,00,00,00,30,00,00,00,00,00,30,00,01,00,00,00,00,00,00,00,00-00,00,00,00,00,00,00,00,00,00,00,00,00,00,01,01,00,00,00,00,00,00,00,00,00-00,00,00,10,00,00,00,00,00,00,00,01,01,01,01,00,00,00,00,00,00,00,00,00,00-00,00,20,00,10,00,00,00,00,00,00,00,01,00,01,20,00,00,30,00,00,00,00,00,00-00,00,00,10,00,00,00,00,00,00,00,1332,1332,00,00,00,30,00,00,632,732,00,00,00,00-00,00,00,00,30,10,00,00,00,01,00,00,30,20,00,01,00,01,00,01,01,01,00,00,00-00,30,632,732,00,01,01,01,00,01,00,00,00,20,00,00,00,01,01,00,00,20,01,01,00-00,00,00,00,01,00,01,00,01,00,00,00,00,00,20,00,01,01,01,00,00,00,01,01,01-20,00,00,00,01,01,01,01,00,00,00,00,00,00,10,00,01,00,01,00,00,00,01,01,01-00,00,00,01,00,01,01,01,00,00,00,00,00,00,00,00,00,01,01,01,01,01,01,01,00-00,00,00,00,01,00,01,00,00,00,00,00,00,00,00,30,00,00,01,00,01,00,01,01,00
71,61,71,62,72,62,72,61,71,61,71,61,71,61,71,62,72,62,72,62,72,62,72,61,71-72,62,72,61,71,61,71,62,72,62,72,62,72,62,72,61,71,61,71,61,71,61,71,62,72-71,61,71,62,72,62,72,61,71,61,71,61,71,61,71,62,72,62,72,62,72,62,72,61,71-52,62,72,61,71,61,71,62,72,62,72,62,72,62,72,61,71,61,71,61,71,61,71,42,52-0,61,71,62,72,62,72,61,71,61,71,61,71,61,71,42,52,42,52,42,52,42,52,0,0-0,42,52,61,71,61,71,42,52,42,52,42,52,42,52,0,0,0,0,0,0,0,0,0,0-0,0,0,42,52,42,52,0,0,0,0,0,0,0,0,0,0,0,0,0,0,0,0,0,0-0,0,0,0,0,0,0,0,0,0,0,0,0,0,0,0,0,0,0,0,0,0,0,0,0-0,0,0,0,0,0,0,0,0,0,0,0,0,0,0,0,0,0,0,0,0,0,0,0,0-0,0,0,0,0,3332,4332,4332,4332,4332,4332,4332,4332,4332,4332,4332,4332,4332,4332,4332,4332,4332,4332,4332,4332-0,0,0,0,3332,4333,0,0,0,0,0,0,0,0,0,0,0,0,0,0,0,0,0,0,0-0,0,0,3332,4333,0,0,320,320,0,0,0,0,320,320,320,0,0,0,0,0,0,0,0,0-0,0,3332,4333,0,0,320,321,321,320,0,0,320,321,321,321,0,0,0,320,320,0,0,0,0-320,320,4333,0,0,320,321,322,322,321,320,320,321,322,421,421,0,0,320,321,321,0,0,0,0-321,321,320,320,320,321,421,322,322,322,321,321,421,421,422,422,0,320,321,421,422,0,0,0,0-322,322,321,321,321,422,422,322,322,322,322,422,422,422,0,0,0,321,322,422,0,0,0,0,0-322,322,322,322,422,0,0,422,422,422,422,0,0,0,0,320,320,322,322,0,0,0,0,0,0-322,322,322,422,0,0,0,0,0,0,0,0,0,0,0,321,321,322,422,0,0,0,0,0,0-322,322,422,0,0,0,0,0,3332,4332,4332,320,320,4332,4332,4332,4332,4332,4332,0,0,4332,4332,4332,4332-322,322,0,0,3332,4332,4332,4332,4333,0,0,321,321,320,0,0,0,0,0,0,0,0,0,0,0-4332,4332,0,0,4333,0,0,0,0,0,320,322,322,321,320,0,0,0,0,0229,1229,2229,0,0,0-0,0,0,0,0,0,0,0,0,320,321,322,322,322,321,320,0,0,0,0230,1230,2230,0,0,0-0,0,0,0,0,0,0,0,320,321,322,322,322,322,322,321,0,0,0,0231,1231,2231,0,0,0-0,0,0,0,0,0,0,0,321,322,322,322,322,322,322,322,320,0,0,0,0,0,0,0,0-0,0,0,0,0,0,0,0,322,322,322,322,322,322,322,322,321,0,0,0,0,0,0,0,0
false
8
-1
kevin
</mapData>

















