<mapData>
8x-2
627,627,627,627,627,627,627,627,627,627,627,627,627,627,627,627,627,627,627,627,627,627,627,627,627-627,627,627,627,627,627,627,627,627,627,627,627,627,627,627,627,627,627,627,627,627,627,627,627,627-627,627,627,627,627,627,627,627,627,627,627,627,627,627,627,627,627,627,627,627,627,627,627,627,627-627,627,627,627,627,627,627,627,627,627,627,627,627,627,627,627,627,627,627,627,627,627,627,627,627-627,627,627,627,627,627,627,627,627,627,627,627,627,627,627,627,627,627,627,627,627,627,627,627,627-627,627,627,627,627,627,627,627,627,627,627,627,627,627,627,627,627,627,627,627,627,627,627,627,627-627,627,627,627,627,627,627,627,627,627,627,627,627,627,627,627,627,627,627,627,627,627,627,627,627-627,627,627,627,627,627,627,627,627,627,730,628,628,630,627,627,730,628,628,628,628,628,628,628,628-627,627,627,627,627,627,730,628,628,628,728,00,00,527,730,628,728,00,00,00,00,20,00,00,00-628,628,628,628,628,628,728,00,00,00,00,00,526,629,727,00,00,00,00,00,00,00,00,00,00-00,00,00,00,00,00,00,00,00,00,00,00,527,627,729,726,00,00,00,00,00,00,00,00,00-00,00,00,00,00,00,00,00,00,00,00,00,528,630,627,727,00,00,30,00,20,00,00,00,10-00,00,00,00,00,00,00,00,00,00,00,00,00,527,627,729,726,00,00,00,00,20,30,00,00-00,00,00,00,30,00,00,00,00,00,00,00,00,527,627,627,727,00,00,00,00,00,00,00,00-00,00,00,00,00,00,10,00,00,00,10,00,00,528,630,627,729,726,00,00,00,00,00,00,00-00,00,00,00,00,10,00,00,526,726,00,00,00,00,527,730,628,728,10,00,00,00,00,00,30-00,20,00,00,00,00,00,00,528,630,626,626,726,00,527,727,10,00,00,00,00,00,00,00,20-00,00,00,00,00,00,00,00,00,527,627,627,729,626,629,728,00,00,00,20,00,00,30,00,00-00,00,10,00,00,30,00,526,626,629,627,627,730,628,728,00,00,00,00,00,00,00,00,00,00-00,00,00,00,00,00,00,528,630,730,628,628,728,00,20,30,00,00,00,00,00,00,00,00,00-00,00,00,00,20,00,00,00,528,728,00,00,00,00,20,00,00,00,30,00,00,00,00,00,00-00,00,00,00,00,00,00,00,00,00,00,00,00,00,00,00,00,00,00,00,00,00,00,00,00-00,00,00,10,00,20,00,00,00,00,00,00,00,00,00,00,00,00,00,00,00,00,00,00,00-00,00,00,00,00,00,00,00,00,00,00,00,00,00,00,00,00,00,00,00,00,00,00,00,00-00,00,00,00,00,00,00,00,00,10,00,00,00,10,00,00,00,20,00,00,00,00,10,00,00
0,0,0,0,0,0,0,0,0,0,0,0,0,0,0,0,0,0,0,0,0,0,0,0,0-0,0,0,0,0,0,0,0,0,0,0,0,0,0,0,0,0,0,0,0,0,0,0,0,0-0,0,0,0,0,0,0,0,0,0,0,0,0,0,0,0,0,0,0,0,0,0,0,0,0-0,0,0,0,0,0,0,0,0,0,0,0,0,0,0,0,0,0,0,0,0,0,0,0,0-0,0,0,0,0,0,0,0,0,0,0,0,0,0,0,0,0,0,0,0,0,0,0,0,0-0,0,0,0,0,0,0,0,0,0,0,0,0,0,0,0,0,0,0,0,0,0,0,0,0-0,0,0,0,0,0,0,0,0,0,0,0,0,0,0,0,0,0,0,0,0,0,0,0,0-0,0,0,0,0,0,0,0,0,0,0,0,0,0,0,0,0,0,0,0,0,0,0,0,0-0,0,0,0,0,0,0,0,0,0,0,0,0,0,0,0,0,0,0,0,0,0,0,0,0-0,0,0,0,0,0,0,0,0,0,0,0,0,0,0,0,0,0,0,0,0,0,0,0,0-0,0,0,0,0,0,0,0,0,0,0,0,0,0,0,0,0,0,0,0,0,0,0,0,0-0,0,0,0,0,0,0,0,0,0,0,0,0,0,0,0,0,0,0,0,0,0,0,0,0-0,0,0,0,0,0,0,0,0,0,0,0,0,0,0,0,0,0,0,0,0,0,0,0,0-0,0,0,0,0,0,0,0,0,0,0,0,0,0,0,0,0,0,0,0,0,0,0,0,0-0,0,0,0,0,0,0,0,0,0,0,0,0,0,0,0,0,0,0,0,0,0,0,0,0-0,0,0,0,0,0,0,0,0,0,0,0,0,0,0,0,0,0,0,0,0,0,0,0,0-0,0,0,0,0,0,0,0,0,0,0,0,0,0,0,0,0,0,0,0,0,0,0,60,70-0,0,0,0,0,0,0,0,0,0,0,0,0,0,0,0,0,0,0,60,70,60,70,61,71-70,0,0,0,0,0,0,0,0,0,0,0,0,0,0,0,0,0,0,61,71,61,71,62,72-71,0,0,0,0,0,0,0,0,0,0,0,0,0,0,0,0,60,70,62,72,62,72,61,71-72,60,70,0,0,0,0,0,0,0,0,0,0,0,0,0,0,61,71,61,71,61,71,62,72-71,61,71,60,70,60,70,0,0,0,0,0,0,0,0,60,70,62,72,62,72,62,72,61,71-72,62,72,61,71,61,71,60,70,60,70,60,70,60,70,61,71,61,71,61,71,61,71,62,72-71,61,71,62,72,62,72,61,71,61,71,61,71,61,71,62,72,62,72,62,72,62,72,61,71-72,62,72,61,71,61,71,62,72,62,72,62,72,62,72,61,71,61,71,61,71,61,71,62,72
false
8
-2
kevin
</mapData>

















