<mapData>
8x-3
00,00,20,00,00,00,00,00,00,00,00,00,00,10,00,00,20,00,20,00,30,00,00,00,00-00,00,00,00,10,00,00,00,00,00,00,00,00,00,00,00,00,00,00,00,00,00,00,00,00-00,10,00,20,00,00,00,00,00,00,00,00,00,00,00,10,00,00,00,00,00,00,10,00,00-00,00,00,00,00,00,00,30,00,00,00,00,00,20,00,00,00,00,00,00,00,20,00,00,00-10,00,00,20,00,00,00,00,00,00,00,00,00,00,00,00,00,00,00,00,00,00,00,00,20-00,00,00,00,00,00,00,00,00,00,20,00,00,00,00,00,00,00,00,00,00,00,00,00,00-00,10,00,00,00,00,10,00,00,00,00,00,00,00,00,00,10,00,10,00,00,00,00,00,00-00,20,00,00,00,00,00,00,00,00,00,00,00,00,00,00,00,00,00,00,00,00,00,00,00-10,00,00,00,00,00,00,00,00,00,00,00,00,00,00,00,00,00,00,00,00,00,00,00,00-00,00,00,00,00,00,00,00,00,00,00,00,00,00,00,00,00,00,00,00,00,00,00,00,00-00,00,00,00,00,00,00,00,00,00,00,00,00,00,00,00,00,00,00,00,00,00,00,00,10-00,00,00,10,00,00,00,00,00,20,00,00,00,00,00,00,00,00,10,00,00,00,00,00,20-00,00,00,00,00,00,00,00,20,00,00,00,00,00,00,00,00,30,00,30,00,00,00,30,00-00,00,00,00,00,00,10,00,00,10,10,00,00,00,00,00,00,00,00,00,00,00,00,00,00-00,00,00,00,00,00,00,10,00,00,00,00,00,00,00,00,00,00,00,00,00,00,00,00,00-00,00,00,00,00,00,00,00,00,00,00,00,00,00,00,00,00,00,00,00,00,00,00,00,00-00,00,00,10,00,00,00,00,00,00,00,00,00,00,00,00,30,00,00,00,00,00,00,00,00-00,00,30,00,10,00,00,00,00,00,00,00,00,20,00,00,00,00,00,30,10,00,00,00,00-00,00,00,00,00,00,00,00,00,00,00,00,20,00,00,00,00,00,00,00,00,00,00,00,00-00,30,20,00,00,00,00,10,00,00,00,20,00,00,00,00,00,00,00,00,00,00,00,00,00-00,00,00,00,00,00,00,00,00,00,00,00,00,20,00,30,00,00,00,00,00,00,00,00,00-00,00,00,00,00,00,00,00,00,00,00,00,00,00,00,00,00,00,20,00,00,00,00,00,00-00,00,10,00,00,00,00,00,00,10,30,00,00,00,00,00,00,10,00,00,00,00,00,30,00-00,00,00,00,00,00,20,20,00,00,00,00,00,00,00,00,00,00,00,00,00,00,00,00,20-10,00,00,00,00,00,00,00,20,00,00,30,00,00,00,20,00,00,00,00,00,30,20,00,00
0,0,0,0,0,0,0,0,0,527,627,627,627,627,627,627,627,627,627,627,627,627,627,627,627-0,0,0,0,0,0,0,0,0,527,627,627,627,627,627,627,627,627,627,627,627,627,627,627,627-0,0,0,0,0,0,0,0,526,627,627,627,627,627,627,627,627,627,627,627,627,627,627,627,627-0,0,0,0,0,0,0,0,527,627,627,627,627,627,627,627,627,627,627,627,627,627,627,627,627-0,0,0,0,0,0,0,526,627,627,627,627,627,627,627,627,627,627,627,627,627,627,627,627,627-0,0,0,0,526,626,626,627,627,627,627,627,627,627,627,627,627,627,627,627,627,627,627,627,627-626,626,626,626,627,627,627,627,627,627,627,627,627,627,627,627,627,627,627,627,627,627,627,627,627-627,627,627,627,627,627,627,627,627,627,627,627,627,627,627,627,627,627,627,627,627,627,627,627,627-627,627,627,627,627,627,627,627,627,627,627,627,627,627,627,627,627,627,627,627,627,627,627,627,627-627,627,627,627,627,627,627,627,627,627,627,627,627,627,627,627,627,627,627,627,627,627,627,627,627-627,627,627,627,627,627,627,627,627,627,627,627,627,627,627,627,627,627,627,627,627,627,627,627,627-627,627,627,627,627,627,627,627,627,627,627,627,627,627,627,627,627,627,627,627,627,627,627,627,627-627,627,627,627,627,627,627,627,627,627,627,627,627,627,627,627,627,627,627,627,627,627,627,627,627-627,627,627,627,627,627,627,627,627,627,627,627,627,627,627,627,627,627,627,627,627,627,627,627,627-627,627,627,627,627,627,627,627,627,627,627,627,627,627,627,627,627,627,627,627,627,627,627,627,627-627,627,627,627,627,627,627,627,627,627,627,627,627,627,627,627,627,627,627,627,627,627,627,627,627-627,627,627,627,627,627,627,627,627,627,627,627,627,627,627,627,627,627,627,627,627,627,627,627,627-627,627,627,627,627,627,627,627,627,627,627,627,627,627,627,627,627,627,627,627,627,627,627,627,627-627,627,627,627,627,627,627,627,627,627,627,627,627,627,627,627,627,627,627,627,627,627,627,627,627-627,627,627,627,627,627,627,627,627,627,627,627,627,627,627,627,627,627,627,627,627,627,627,627,627-627,627,627,627,627,627,627,627,627,627,627,627,627,627,627,627,627,627,627,627,627,627,627,627,627-627,627,627,627,627,627,627,627,627,627,627,627,627,627,627,627,627,627,627,627,627,627,627,627,627-627,627,627,627,627,627,627,627,627,627,627,627,627,627,627,627,627,627,627,627,627,627,627,627,627-627,627,627,627,627,627,627,627,627,627,627,627,627,627,627,627,627,627,627,627,627,627,627,627,627-627,627,627,627,627,627,627,627,627,627,627,627,627,627,627,627,627,627,627,627,627,627,627,627,627
false
8
-3
kevin
</mapData>

















