<mapData>
8x5
00,00,00,00,00,20,00,00,00,10,00,00,00,00,00,00,10,03,13,13,13,13,13,13,13-00,10,00,00,00,00,00,00,00,00,00,00,00,00,00,10,02,34,13,13,13,13,13,13,13-00,00,00,00,00,00,10,00,00,00,00,00,00,00,00,00,03,13,13,13,13,13,13,13,13-00,00,00,00,00,30,00,00,00,00,00,00,20,10,00,02,34,13,13,13,13,13,13,13,13-00,00,00,00,00,00,00,00,00,00,00,00,00,00,00,03,13,13,13,13,13,13,13,13,13-00,00,00,00,00,00,00,00,00,00,00,00,00,00,00,03,13,13,13,13,13,13,13,13,13-00,00,00,00,00,00,00,00,00,00,00,00,00,00,00,03,13,13,13,13,13,13,13,13,13-00,00,00,00,00,00,00,00,00,00,00,00,00,00,02,34,13,13,13,13,13,13,13,13,13-00,00,00,00,00,00,00,00,00,00,00,00,00,20,03,13,13,13,13,13,13,13,13,13,13-00,00,00,00,00,10,00,00,00,00,20,00,00,00,03,13,13,13,13,13,13,13,13,13,13-00,00,00,00,00,00,00,00,00,00,00,00,00,02,34,13,13,13,13,13,13,13,13,13,13-00,00,00,00,00,00,00,00,00,00,00,10,10,03,13,13,13,13,13,13,13,13,13,13,13-00,00,30,00,00,00,00,00,00,00,00,00,02,34,13,13,13,13,13,13,13,13,13,13,13-00,00,00,00,00,00,00,00,30,00,00,00,03,13,13,13,13,13,13,13,13,13,13,13,13-30,00,00,00,00,00,00,00,00,00,00,02,34,13,13,13,13,13,13,13,13,13,13,13,13-00,00,00,30,00,00,00,02,12,12,12,34,13,13,13,13,13,13,13,13,13,13,13,13,13-00,00,00,00,02,12,12,34,13,13,13,13,13,13,13,13,13,13,13,13,13,13,13,13,13-00,02,12,12,34,13,13,13,13,13,13,13,13,13,13,13,13,13,13,13,13,13,13,13,13-12,34,13,13,13,13,13,13,13,13,13,13,13,13,13,13,13,13,13,13,13,13,13,13,13-13,13,13,13,13,13,13,13,13,13,13,13,13,13,13,13,13,13,13,13,13,13,13,13,13-13,13,13,13,13,13,13,13,13,13,13,13,13,13,13,13,13,13,13,13,13,13,13,13,13-13,13,13,13,13,13,13,13,13,13,13,13,13,13,13,13,13,13,13,13,13,13,13,13,13-13,13,13,13,13,13,13,13,13,13,13,13,13,13,13,13,13,13,13,13,13,13,13,13,13-13,13,13,13,13,13,13,13,13,13,13,13,13,13,13,13,13,13,13,13,13,13,13,13,13-13,13,13,13,13,13,13,13,13,13,13,13,13,13,13,13,13,13,13,13,13,13,13,13,13
72,61,71,0,0,0,0,0,0,0,0,0,0,0,0,0,0,0,0,0,0,0,0,0,0-71,62,72,0,0,0,0,0,0,0,0,0,0,0,0,0,0,0,0,0,0,0,0,0,0-72,61,71,0,0,0,0,0,0,0,0,0,0,0,0,0,0,0,0,0,0,0,0,0,0-71,42,52,0,0,0,0,0,0,0,0,0,0,0,0,0,0,0,0,0,0,0,0,0,0-52,0,0,0,0,0,0,0,0,0,0,0,0,0,0,0,0,0,0,0,0,0,0,0,0-0,0,0,0,0,0,0,0,0,0,0,0,0,0,0,0,0,0,0,0,0,0,0,0,0-0,0,0,0,0,0,0,0,0,0,0,0,0,0,0,0,0,0,0,0,0,0,0,0,0-0,0,0,0,0,0,0,0,0,0,0,0,0,0,0,0,0,0,0,0,0,0,0,0,0-0,0,0,0,0,0,0,0,0,0,0,0,0,0,0,0,0,0,0,0,0,0,0,0,0-0,0,0,0,0,0,0,0,0,0,0,0,0,0,0,0,0,0,0,0,0,0,0,0,0-0,0,0,0,0,0,0,0,0,0,0,0,0,0,0,0,0,0,0,0,0,0,0,0,0-0,0,0,0,0,0,0,0,0,0,0,0,0,0,0,0,0,0,0,0,0,0,0,0,0-0,0,0,0,0,0,0,0,0,0,0,0,0,0,0,0,0,0,0,0,0,0,0,0,0-0,0,0,0,0,0,0,0,0,0,0,0,0,0,0,0,0,0,0,0,0,0,0,0,0-0,0,0,0,0,0,0,0,0,0,0,0,0,0,0,0,0,0,0,0,0,0,0,0,0-0,0,0,0,0,0,0,0,0,0,0,0,0,0,0,0,0,0,0,0,0,0,0,0,0-0,0,0,0,0,0,0,0,0,0,0,0,0,0,0,0,0,0,0,0,0,0,0,0,0-0,0,0,0,0,0,0,0,0,0,0,0,0,0,0,0,0,0,0,0,0,0,0,0,0-0,0,0,0,0,0,0,0,0,0,0,0,0,0,0,0,0,0,0,0,0,0,0,0,0-0,0,0,0,0,0,0,0,0,0,0,0,0,0,0,0,0,0,0,0,0,0,0,0,0-0,0,0,0,0,0,0,0,0,0,0,0,0,0,0,0,0,0,0,0,0,0,0,0,0-0,0,0,0,0,0,0,0,0,0,0,0,0,0,0,0,0,0,0,0,0,0,0,0,0-0,0,0,0,0,0,0,0,0,0,0,0,0,0,0,0,0,0,0,0,0,0,0,0,0-0,0,0,0,0,0,0,0,0,0,0,0,0,0,0,0,0,0,0,0,0,0,0,0,0-0,0,0,0,0,0,0,0,0,0,0,0,0,0,0,0,0,0,0,0,0,0,0,0,0
false
8
5
kevin
</mapData>

















