<mapData>
8x6
13,13,13,13,13,13,13,13,13,13,13,13,13,13,13,13,13,13,13,13,13,13,13,13,13-13,13,13,13,13,13,13,13,13,13,13,13,13,13,13,13,13,13,13,13,13,13,13,13,13-13,13,13,13,13,13,13,13,13,13,13,13,13,13,13,13,13,13,13,13,13,13,13,13,13-13,13,13,13,13,13,13,13,13,13,13,13,13,13,13,13,13,13,13,13,13,13,13,13,13-13,13,13,13,13,13,13,13,13,13,13,13,13,13,13,13,13,13,13,13,13,13,13,13,13-13,13,13,13,13,13,13,13,13,13,13,13,13,13,13,13,13,13,13,13,13,13,13,13,13-13,13,13,13,13,13,13,13,13,13,13,13,13,13,13,13,13,13,13,13,13,13,13,13,13-13,13,13,13,13,13,13,13,13,13,13,13,13,13,13,13,13,13,13,13,13,13,13,13,13-13,13,13,13,13,13,13,13,13,13,13,13,13,13,13,13,13,13,13,13,13,13,13,13,13-13,13,13,13,13,13,13,13,13,13,13,13,13,13,13,13,13,13,13,13,13,13,13,13,13-13,13,13,13,13,13,13,13,13,13,13,13,13,13,13,13,13,13,13,13,13,13,13,13,13-13,13,13,13,13,13,13,13,13,13,13,13,13,13,13,13,13,13,13,13,13,13,13,13,13-13,13,13,13,13,13,13,13,13,13,13,13,13,13,13,13,13,13,13,13,13,13,13,13,13-13,13,13,13,13,13,13,13,13,13,13,13,13,13,13,13,13,13,13,13,13,13,13,13,13-13,13,13,13,13,13,13,13,13,13,13,13,13,13,13,13,13,13,13,13,13,13,13,13,13-13,13,13,13,13,13,13,13,13,13,13,13,13,13,13,13,13,13,13,13,13,13,13,13,13-13,13,13,13,13,13,13,13,13,13,13,13,13,13,13,13,13,13,13,13,13,13,13,13,13-13,13,13,13,13,13,13,13,13,13,13,13,13,13,13,13,13,13,13,13,13,13,13,13,13-13,13,13,13,13,13,13,13,13,13,13,13,13,13,13,13,13,13,13,13,13,13,13,13,13-13,13,13,13,13,13,13,13,13,13,13,13,13,13,13,13,13,13,13,13,13,13,13,13,13-13,13,13,13,13,13,13,13,13,13,13,13,13,13,13,13,13,13,13,13,13,13,13,13,13-13,13,13,13,13,13,13,13,13,13,13,13,13,13,13,13,13,13,13,13,13,13,13,13,13-13,13,13,13,13,13,13,13,13,13,13,13,13,13,13,13,13,13,13,13,13,13,13,13,13-13,13,13,13,13,13,13,13,13,13,13,13,13,13,13,13,13,13,13,13,13,13,13,13,13-13,13,13,13,13,13,13,13,13,13,13,13,13,13,13,13,13,13,13,13,13,13,13,13,13
0,0,0,0,0,0,0,0,0,0,0,0,0,a4701,0,0,0,0,0,0,0,0,0,0,0-0,0,0,0,0,0,0,0,0,0,0,0,0,0,0,0,0,0,0,0,0,0,0,0,0-0,0,0,0,0,a4701,0,0,0,0,0,0,0,0,0,0,0,0,0,0,a4701,0,0,a4701,0-0,0,0,0,0,0,0,0,0,0,0,0,a7409,a7410,a7411,a7412,a4701,a7414,0,0,0,0,0,0,0-0,0,0,0,a7329,a7330,a4701,a7332,a7333,a7334,a7335,a7336,a7417,a7418,a7419,a7420,a7421,a7422,a7423,0,0,0,0,0,0-0,0,0,0,a7337,a7338,a7339,a7340,a7341,a7342,a7343,a7344,a7425,a7426,a7427,a7428,a7429,a7430,a4701,0,0,a4701,0,0,0-0,0,0,0,a7345,a7346,a7347,a7348,a7349,a7350,a7351,a7352,a7433,a7434,a7435,a7436,a7437,a7438,a7439,0,0,0,0,0,0-0,a4701,0,0,a7353,a7354,a7355,a7356,a7357,a7358,a7359,a7360,a7441,a7442,a7443,a7444,a7445,a7446,a7447,0,0,0,0,0,0-0,0,0,0,a7361,a7362,a7363,a7364,a7365,a7366,a7367,a7368,a7449,a7450,a7451,a7452,a7453,a7454,a7455,0,0,0,0,0,0-0,0,0,0,a7369,a7370,a7371,a7372,a7373,a7374,a7375,a7376,a7457,a7458,a7459,a7460,a7461,a7462,a7463,0,0,0,0,0,0-0,0,0,0,a7377,a7378,a7379,a7380,a7381,a7382,a7383,a7384,a7465,a7466,a7467,a7468,a7469,a7470,a7471,0,0,0,0,0,0-0,0,0,0,a7385,a7386,a7387,a7388,a7389,a7390,a7391,a7392,a7473,a7474,a7475,a7476,a7477,a7478,a7479,0,0,0,a4701,0,0-0,0,a4701,0,a7393,a7394,a7395,a7396,a7397,a7398,a7399,a7400,a7481,a7482,a7483,a7484,a7485,a7486,a7487,0,0,0,0,0,0-0,0,0,0,a7401,a7402,a7403,a7404,a7405,a7406,a7407,a7408,a7489,a7490,a7491,a7492,a7493,a7494,a7495,0,0,0,a4701,0,0-0,0,0,0,a7409,a7410,a7411,a7412,a7413,a7414,a7415,a7416,a7497,a7498,a7499,a7500,a7501,a7502,a7503,0,0,0,0,0,0-0,a4701,0,a4701,0,0,0,0,0,0,0,0,0,0,0,0,0,0,0,0,0,0,0,0,0-0,0,0,0,0,0,0,0,0,0,0,0,a4701,0,0,0,0,0,0,0,0,0,0,0,0-0,0,0,0,a4701,0,0,0,0,0,0,0,0,0,0,0,0,0,a4701,0,0,0,0,0,0-0,0,0,0,0,0,0,0,0,0,0,0,0,0,0,0,0,0,0,0,0,0,0,0,0-0,0,0,0,0,0,a4701,0,0,0,0,0,0,0,0,0,0,0,0,0,0,0,0,0,0-0,0,0,0,0,0,0,0,0,0,0,0,0,0,0,0,0,0,0,0,0,0,0,0,0-0,0,0,0,0,0,0,0,0,0,0,0,0,0,0,0,0,0,0,0,0,0,0,0,0-0,0,0,a4701,0,0,0,0,0,0,0,0,0,a4701,0,0,0,0,0,0,0,0,0,0,0-0,0,0,0,0,0,0,0,0,0,0,0,0,0,0,0,0,0,0,0,0,0,0,0,0-0,0,0,0,0,0,0,0,0,0,0,0,0,0,0,0,0,0,0,0,0,0,a4701,0,0
false
8
6
kevin
</mapData>

















