<mapData>
9x-1
00,00,00,00,00,10,00,00,00,00,00,00,00,00,00,00,00,00,00,00,00,00,00,00,00-00,00,00,00,00,00,10,00,20,00,00,00,00,00,00,00,00,00,00,30,00,00,00,00,00-00,30,00,00,00,20,00,00,00,00,00,00,00,00,42,52,00,00,00,00,00,00,00,00,00-00,00,00,00,00,00,00,00,00,00,00,00,00,00,00,322,42,52,42,52,61,71,61,71,62-00,00,00,00,00,10,00,00,00,00,00,00,00,00,00,422,322,322,322,322,42,52,42,52,61-00,00,00,00,00,00,30,00,00,00,00,00,00,00,00,00,00,00,30,00,00,00,00,00,42-10,00,00,10,00,00,00,00,00,00,30,00,00,10,00,10,30,00,00,00,00,00,00,00,322-00,30,00,00,00,00,00,10,00,30,00,00,00,00,00,00,00,10,00,00,00,00,00,00,00-00,00,00,10,01,01,01,01,01,00,00,00,00,00,00,00,00,00,30,00,00,00,00,00,00-00,00,00,30,01,10,00,01,01,01,00,00,00,00,00,00,00,00,00,00,00,00,00,20,00-00,00,00,00,10,00,00,10,00,01,01,00,01,01,00,20,00,00,00,00,00,00,00,00,00-20,00,00,00,00,00,00,00,00,01,01,01,01,01,00,00,00,00,00,00,00,00,00,00,00-00,00,10,00,00,00,00,00,00,00,01,00,01,01,01,00,01,00,00,00,10,00,00,00,00-00,00,00,00,00,00,00,00,00,00,00,00,00,00,01,01,01,01,00,00,00,00,00,00,00-00,00,00,00,00,00,00,00,00,00,00,00,00,00,00,01,01,00,20,00,00,00,30,00,00-00,00,00,20,00,00,00,00,30,20,00,00,00,00,00,00,01,01,00,00,00,00,00,00,00-00,00,30,00,00,00,00,00,10,00,00,00,00,00,00,00,00,01,20,00,00,00,00,00,00-00,00,00,00,00,00,00,00,00,00,20,00,30,20,00,00,01,30,00,00,30,00,00,00,00-00,00,00,00,00,00,00,00,00,00,00,00,00,00,00,00,01,00,00,00,10,00,00,00,00-00,00,00,00,00,00,00,00,00,00,00,20,10,00,00,00,00,00,00,00,00,00,00,00,00-00,00,00,00,00,00,00,00,00,00,00,00,00,00,00,00,00,00,20,00,00,10,00,00,10-00,00,00,00,00,00,00,00,00,20,00,00,00,20,00,10,00,10,00,00,00,00,00,00,00-00,20,00,00,00,00,00,00,00,00,00,00,00,00,00,00,00,00,00,00,00,00,00,00,00-00,00,00,20,00,00,00,00,00,10,00,00,00,00,00,00,00,00,00,00,00,00,00,00,00-00,00,00,00,00,00,00,20,00,10,00,00,00,00,00,20,00,00,00,00,00,00,00,00,00
61,71,62,72,61,71,62,72,61,71,61,71,61,71,62,72,61,71,61,71,62,72,62,72,61-62,72,61,71,62,72,61,71,62,72,62,72,62,72,61,71,62,72,62,72,61,71,61,71,62-41,51,62,72,61,71,42,52,61,71,61,71,61,71,42,320,61,71,61,71,62,72,62,72,61-42,52,61,71,42,52,0,0,42,52,42,52,42,52,0,322,320,320,320,320,61,71,61,71,62-0,0,42,52,0,0,0,0,0,0,0,0,0,0,0,422,322,322,322,322,320,320,320,320,61-0,0,0,0,0,0,0,0,0,0,0,0,0,0,0,0,422,322,422,322,322,322,322,322,320-0,0,0,0,0,0,0,0,0,0,0,0,0,0,0,0,0,422,0,422,322,322,322,322,322-0,0,0,3332,4332,4332,4332,4332,4332,4332,5332,0,0,0,0,0,0,0,0,0,422,322,322,322,322-0,0,0,3333,0,0,0,0,0,0,5333,0,0,0,0,0,0,0,0,0,0,322,322,322,322-4332,4332,4332,1332,0,320,320,0,0,0,1332,4332,4332,4332,5332,0,0,0,0,0,0,322,322,322,322-0,0,0,0,320,321,321,320,320,0,0,0,0,0,5333,0,0,0,0,0,0,322,322,322,322-0,0,0,320,321,322,322,321,321,0,0,0,0,0,1230,4332,4332,4332,5332,0,0,422,322,322,322-0,0,0,321,322,322,322,322,322,320,0,320,0,0,0,0,0,0,5333,0,0,0,422,322,322-0,0,0,322,322,422,322,322,322,321,320,321,320,0,0,0,0,0,5333,0,0,0,0,322,322-0,0,0,322,422,0,422,322,322,322,321,322,321,320,320,0,0,0,5333,0,0,0,0,422,322-0,0,0,422,0,0,0,322,422,322,322,322,322,321,321,320,0,0,5333,0,0,0,0,0,422-0,0,0,0,0,0,0,422,0,422,322,322,322,322,322,321,0,0,5333,0,0,0,0,0,0-0,0,0,0,0,0,0,0,0,0,422,422,322,322,322,322,0,1230,2231,0,0,0,0,0,0-4332,4332,4332,4332,5332,0,0,0,0,0,0,0,322,322,422,422,0,5333,0,0,0,0,0,0,0-0,0,0,0,1332,4332,5332,0,0,0,0,0,422,422,0,0,0,5333,0,0,0,0,0,0,0-0,0,0,0,0,0,1332,5332,0,0,0,0,0,0,0,0,0,5333,0,0,0,0,0,0,0-0,0,0,0,0,0,0,5333,0,0,0,0,0,0,0,0,0,5333,0,0,0,0,0,0,0-0,0,0,0,0,0,0,5333,0,0,0,0,0,0,0,0,0,5333,0,0,0,0,0,0,0-0,0,0,0,0,0,0,1332,5332,0,0,0,0,0,0,0,0,5333,0,0,0,0,0,0,0-0,0,0,0,0,0,0,0,5333,0,0,0,0,0,0,0,0,5333,0,0,0,0,0,0,0
false
9
-1
kevin
</mapData>

















