<mapData>
9x4
00,00,30,00,00,00,30,00,00,10,00,00,00,00,03,13,13,13,13,13,13,13,13,13,13-00,00,00,00,00,00,30,00,00,00,00,30,00,00,03,13,13,13,13,13,13,13,13,13,13-00,10,00,00,00,00,00,00,00,00,00,00,00,02,34,13,13,13,13,13,13,13,13,13,13-20,00,10,00,00,00,00,10,00,00,00,10,00,03,13,13,13,13,13,13,13,13,13,13,13-00,00,00,20,00,00,00,00,00,00,00,00,02,34,13,13,13,13,13,13,13,13,13,13,13-00,00,00,00,00,00,00,00,00,00,00,00,03,13,13,13,13,13,13,13,13,13,13,13,13-00,00,00,10,00,10,00,00,00,00,00,02,34,13,13,13,13,13,13,13,13,13,13,13,13-00,00,10,00,00,00,00,00,00,00,02,34,13,13,13,13,13,13,13,13,13,13,13,13,13-00,00,00,00,10,00,00,00,00,02,34,13,13,13,13,13,13,13,13,13,13,13,13,13,13-00,00,00,00,00,00,00,02,12,34,13,13,13,13,13,13,13,13,13,13,13,13,13,13,13-00,00,00,00,00,02,12,34,13,13,13,13,13,13,13,13,13,13,13,13,13,13,13,13,13-30,00,00,02,12,34,13,13,13,13,13,13,13,13,13,13,13,13,13,13,13,13,13,13,13-00,02,12,34,13,13,13,13,13,13,13,13,13,13,13,13,13,13,13,13,13,13,13,13,13-12,34,13,13,13,13,13,13,13,13,13,13,13,13,13,13,13,13,13,13,13,13,13,13,13-13,13,13,13,13,13,13,13,13,13,13,13,13,13,13,13,13,13,13,13,13,13,13,13,13-13,13,13,13,13,13,13,13,13,13,13,13,13,13,13,13,13,13,13,13,13,13,13,13,13-13,13,13,13,13,13,13,13,13,13,13,13,13,13,13,13,13,13,13,13,13,13,13,13,13-13,13,13,13,13,13,13,13,13,13,13,13,13,13,13,13,13,13,13,13,13,13,13,13,13-13,13,13,13,13,13,13,13,13,13,13,13,13,13,13,13,13,13,13,13,13,13,13,00,30-13,13,13,13,13,13,13,13,13,13,13,13,13,13,13,13,13,13,13,13,13,13,13,00,00-13,13,13,13,13,13,13,13,13,13,13,13,13,13,13,13,13,13,13,13,13,13,13,00,00-13,13,13,13,13,13,13,13,13,13,13,13,13,13,13,13,13,13,13,13,13,13,13,00,00-13,13,13,13,13,13,13,13,13,13,13,13,13,13,13,13,13,13,13,13,13,13,00,00,00-13,13,13,13,13,13,13,13,13,13,13,13,13,13,13,13,13,13,13,13,13,00,00,00,00-13,13,13,13,13,13,13,13,13,13,13,13,13,13,13,13,13,13,13,13,00,00,00,00,00
0,0,0,0,0,0,0,0,0,0,0,0,0,0,0,0,0,0,0,0,0,0,0,0,0-0,0,0,0,0,0,0,0,0,0,0,0,0,0,0,0,0,0,0,0,0,0,0,0,0-0,0,0,0,0,0,0,0,0,0,0,0,0,0,0,0,0,0,0,0,0,0,0,0,0-0,0,0,0,0,0,0,0,0,0,0,0,0,0,0,0,0,0,0,0,0,0,0,0,0-0,0,0,0,0,0,0,0,0,0,0,0,0,0,0,0,0,0,0,0,0,0,0,0,0-0,0,0,0,0,0,0,0,0,0,0,0,0,0,0,0,0,0,0,0,0,0,0,0,0-0,0,0,0,0,0,0,0,0,0,0,0,0,0,0,0,0,0,0,0,0,0,0,0,0-0,0,0,0,0,0,0,0,0,0,0,0,0,0,0,0,0,0,0,0,0,0,0,0,0-0,0,0,0,0,0,0,0,0,0,0,0,0,0,0,0,0,0,0,0,0,0,0,0,0-0,0,0,0,0,0,0,0,0,0,0,0,0,0,0,0,0,0,0,0,0,0,0,0,0-0,0,0,0,0,0,0,0,0,0,0,0,0,0,0,0,0,0,0,0,0,0,0,0,0-0,0,0,0,0,0,0,0,0,0,0,0,0,0,0,0,0,0,0,0,0,0,0,0,0-0,0,0,0,0,0,0,0,0,0,0,0,0,0,0,0,0,0,0,0,0,0,0,0,0-0,0,0,0,0,0,0,0,0,0,0,0,0,0,0,0,0,0,0,0,0,0,0,0,0-0,0,0,0,0,0,0,0,0,0,0,0,0,0,0,0,0,0,0,0,0,0,0,0,0-0,0,0,0,0,0,0,0,0,0,0,0,0,0,0,0,0,0,0,0,0,0,0,0,0-0,0,0,0,0,0,0,0,0,0,0,0,0,0,0,0,0,0,0,0,0,0,0,0,0-0,0,0,0,0,0,0,0,0,0,0,0,0,0,0,0,0,0,0,0,0,0,0,0,0-0,0,0,0,0,0,0,0,0,0,0,0,0,0,0,0,0,0,0,0,0,0,0,526,626-0,0,0,0,0,0,0,0,0,0,0,0,0,0,0,0,0,0,0,0,0,0,0,527,627-0,0,0,0,0,0,0,0,0,0,0,0,0,0,0,0,0,0,0,0,0,0,0,527,627-0,0,0,0,0,0,0,0,0,0,0,0,0,0,0,0,0,0,0,0,0,0,0,527,627-0,0,0,0,0,0,0,0,0,0,0,0,0,0,0,0,0,0,0,0,0,0,526,629,627-0,0,0,0,0,0,0,0,0,0,0,0,0,0,0,0,0,0,0,0,0,526,629,627,627-0,0,0,0,0,0,0,0,0,0,0,0,0,0,0,0,0,0,0,0,526,629,627,627,627
false
9
4
kevin
</mapData>

















