<mapData>
9x5
13,13,13,13,13,13,13,13,13,13,13,13,13,13,13,13,13,13,13,13,00,00,00,00,10-13,13,13,13,13,13,13,13,13,13,13,13,13,13,13,13,13,13,13,13,00,00,00,00,00-13,13,13,13,13,13,13,13,13,13,13,13,13,13,13,13,13,13,13,13,30,00,00,00,10-13,13,13,13,13,13,13,13,13,13,13,13,13,13,13,13,13,13,13,13,00,00,00,00,00-13,13,13,13,13,13,13,13,13,13,13,13,13,13,13,13,13,13,13,00,00,00,00,00,00-13,13,13,13,13,13,13,13,13,13,13,13,13,13,13,13,13,13,13,00,00,00,00,00,00-13,13,13,13,13,13,13,13,13,13,13,13,13,13,13,13,13,13,13,00,00,00,00,00,00-13,13,13,13,13,13,13,13,13,13,13,13,13,13,13,13,13,13,13,00,00,00,00,00,00-13,13,13,13,13,13,13,13,13,13,13,13,13,13,13,13,13,13,13,00,00,00,00,00,00-13,13,13,13,13,13,13,13,13,13,13,13,13,13,13,13,13,13,13,00,00,10,00,00,00-13,13,13,13,13,13,13,13,13,13,13,13,13,13,13,13,13,13,13,00,00,00,00,00,00-13,13,13,13,13,13,13,13,13,13,13,13,13,13,13,13,13,13,00,00,00,00,00,00,00-13,13,13,13,13,13,13,13,13,13,13,13,13,13,13,13,13,13,00,00,00,00,00,00,00-13,13,13,13,13,13,13,13,13,13,13,13,13,13,13,13,13,13,00,00,00,00,00,00,00-13,13,13,13,13,13,13,13,13,13,13,13,13,13,13,13,13,13,00,00,00,00,00,00,00-13,13,13,13,13,13,13,13,13,13,13,13,13,13,13,13,13,13,00,00,00,00,00,00,10-13,13,13,13,13,13,13,13,13,13,13,13,13,13,13,13,13,13,00,00,00,00,00,00,00-13,13,13,13,13,13,13,13,13,13,13,13,13,13,13,13,13,00,00,00,00,00,00,00,00-13,13,13,13,13,13,13,13,13,13,13,13,13,13,13,13,13,00,00,00,00,00,00,00,00-13,13,13,13,13,13,13,13,13,13,13,13,13,13,13,13,13,00,00,00,00,10,00,00,00-13,13,13,13,13,13,13,13,13,13,13,13,13,13,13,13,13,00,00,00,00,00,00,00,00-13,13,13,13,13,13,13,13,13,13,13,13,13,13,13,13,13,00,00,00,00,00,00,00,00-13,13,13,13,13,13,13,13,13,13,13,13,13,13,13,13,13,00,00,00,00,00,00,00,00-13,13,13,13,13,13,13,13,13,13,13,13,13,13,13,13,13,00,10,00,00,00,00,00,00-13,13,13,13,13,13,13,13,13,13,13,13,13,13,13,13,13,00,30,00,00,30,00,00,00
0,0,0,0,0,0,0,0,0,0,0,0,0,0,0,0,0,0,0,0,527,627,627,627,627-0,0,0,0,0,0,0,0,0,0,0,0,0,0,0,0,0,0,0,0,527,627,627,627,627-0,0,0,0,0,0,0,0,0,0,0,0,0,0,0,0,0,0,0,0,527,627,627,627,627-0,0,0,0,0,0,0,0,0,0,0,0,0,0,0,0,0,0,0,0,527,627,627,627,627-0,0,0,0,0,0,0,0,0,0,0,0,0,0,0,0,0,0,0,526,629,627,627,627,627-0,0,0,0,0,0,0,0,0,0,0,0,0,0,0,0,0,0,0,527,627,627,627,627,627-0,0,0,0,0,0,0,0,0,0,0,0,0,0,0,0,0,0,0,527,627,627,627,627,627-0,0,0,0,0,0,0,0,0,0,0,0,0,0,0,0,0,0,0,527,627,627,627,627,627-0,0,0,0,0,0,0,0,0,0,0,0,0,0,0,0,0,0,0,527,627,627,627,627,627-0,0,0,0,0,0,0,0,0,0,0,0,0,0,0,0,0,0,0,527,627,627,627,627,627-0,0,0,0,0,0,0,0,0,0,0,0,0,0,0,0,0,0,0,527,627,627,627,627,627-0,0,0,0,0,0,0,0,0,0,0,0,0,0,0,0,0,0,526,629,627,627,627,627,627-0,0,0,0,0,0,0,0,0,0,0,0,0,0,0,0,0,0,527,627,627,627,627,627,627-0,0,0,0,0,0,0,0,0,0,0,0,0,0,0,0,0,0,527,627,627,627,627,627,627-0,0,0,0,0,0,0,0,0,0,0,0,0,0,0,0,0,0,527,627,627,627,627,627,627-0,0,0,0,0,0,0,0,0,0,0,0,0,0,0,0,0,0,527,627,627,627,627,627,627-0,0,0,0,0,0,0,0,0,0,0,0,0,0,0,0,0,0,527,627,627,627,627,627,627-0,0,0,0,0,0,0,0,0,0,0,0,0,0,0,0,0,526,629,627,627,627,627,627,627-0,0,0,0,0,0,0,0,0,0,0,0,0,0,0,0,0,527,627,627,627,627,627,627,627-0,0,0,0,0,0,0,0,0,0,0,0,0,0,0,0,0,527,627,627,627,627,627,627,627-0,0,0,0,0,0,0,0,0,0,0,0,0,0,0,0,0,527,627,627,627,627,627,627,627-0,0,0,0,0,0,0,0,0,0,0,0,0,0,0,0,0,527,627,627,627,627,627,627,627-0,0,0,0,0,0,0,0,0,0,0,0,0,0,0,0,0,527,627,627,627,627,627,627,627-0,0,0,0,0,0,0,0,0,0,0,0,0,0,0,0,0,527,627,627,627,627,627,627,627-0,0,0,0,0,0,0,0,0,0,0,0,0,0,0,0,0,527,627,627,627,627,627,627,627
false
9
5
kevin
</mapData>

















