<mapData>
9x6
13,13,13,13,13,13,13,13,13,13,13,13,13,13,13,13,13,00,00,20,00,00,30,00,00-13,13,13,13,13,13,13,13,13,13,13,13,13,13,13,13,13,00,00,00,00,00,00,00,10-13,13,13,13,13,13,13,13,13,13,13,13,13,13,13,13,13,00,00,00,00,00,00,00,00-13,13,13,13,13,13,13,13,13,13,13,13,13,13,13,13,13,00,00,00,00,00,20,00,00-13,13,13,13,13,13,13,13,13,13,13,13,13,13,13,13,00,00,00,30,00,00,00,00,00-13,13,13,13,13,13,13,13,13,13,13,13,13,13,13,13,00,00,20,00,00,00,00,00,00-13,13,13,13,13,13,13,13,13,13,13,13,13,13,13,13,00,00,00,00,00,00,30,00,10-13,13,13,13,13,13,13,13,13,13,13,13,13,13,13,13,00,10,00,00,00,00,00,00,00-13,13,13,13,13,13,13,13,13,13,13,13,13,13,13,00,00,00,20,00,00,00,00,00,00-13,13,13,13,13,13,13,13,13,13,13,13,13,13,13,00,00,00,00,00,00,00,00,00,00-13,13,13,13,13,13,13,13,13,13,13,13,13,13,13,00,00,00,10,00,10,00,00,00,00-13,13,13,13,13,13,13,13,13,13,13,13,13,13,13,00,00,30,00,00,00,00,00,00,00-13,13,13,13,13,13,13,13,13,13,13,13,13,13,13,00,00,00,00,20,00,00,00,00,00-13,13,13,13,13,13,13,13,13,13,13,13,13,13,13,00,00,00,00,00,00,00,00,00,00-13,13,13,13,13,13,13,13,13,13,13,13,13,13,13,20,00,00,00,00,00,00,00,00,00-13,13,13,13,13,13,13,13,13,13,13,13,13,13,13,10,00,00,00,00,00,00,00,00,00-13,13,13,13,13,13,13,13,13,13,13,13,13,13,13,00,10,00,00,00,00,00,00,00,00-13,13,13,13,13,13,13,13,13,13,13,13,13,13,13,00,00,00,00,00,00,00,00,00,30-13,13,13,13,13,13,13,13,13,13,13,13,13,13,13,00,00,10,00,00,00,00,00,20,00-13,13,13,13,13,13,13,13,13,13,13,13,13,13,13,00,00,00,00,00,00,00,00,30,00-13,13,13,13,13,13,13,13,13,13,13,13,13,13,13,00,00,00,00,00,00,00,00,00,00-13,13,13,13,13,13,13,13,13,13,13,13,13,13,13,00,00,00,00,00,30,00,00,00,00-13,13,13,13,13,13,13,13,13,13,13,13,13,13,13,00,00,00,00,00,10,20,00,00,00-13,13,13,13,13,13,13,13,13,13,13,13,13,13,13,00,00,00,00,00,00,10,00,00,30-13,13,13,13,13,13,13,13,13,13,13,13,13,13,13,00,10,00,00,20,00,00,30,00,00
0,0,0,0,0,0,0,0,0,0,0,0,0,0,0,0,0,527,627,627,627,627,627,627,627-0,0,0,0,0,a4701,0,0,0,a4701,0,0,0,0,0,0,0,527,627,627,627,627,627,627,627-0,0,0,0,0,0,0,0,0,0,0,0,0,0,a4701,0,0,527,627,627,627,627,627,627,627-0,0,a4701,0,0,0,0,0,0,0,0,0,0,0,0,0,0,527,627,627,627,627,627,627,627-0,0,0,0,0,0,0,a4701,0,0,0,a4701,0,a4701,0,0,526,629,627,627,627,627,627,627,627-0,0,0,0,0,0,0,0,0,0,0,0,0,0,0,0,527,627,627,627,627,627,627,627,627-0,a4701,0,0,0,0,0,0,0,0,0,0,0,0,0,0,527,627,627,627,627,627,627,627,627-0,0,0,0,0,0,0,0,0,0,0,0,0,0,0,0,527,627,627,627,627,627,627,627,627-0,0,0,0,0,0,0,0,0,0,0,0,0,a4701,0,526,629,627,627,627,627,627,627,627,627-0,0,0,0,0,0,0,a4701,0,0,0,0,0,0,0,527,627,627,627,627,627,627,627,627,627-0,0,a4701,0,0,0,0,0,0,0,0,0,0,0,0,527,627,627,627,627,627,627,627,627,627-0,0,0,0,0,0,0,0,0,0,0,0,0,0,0,527,627,627,627,627,627,627,627,627,627-0,0,0,0,0,a4701,0,0,0,0,a4701,0,0,0,0,527,627,627,627,627,627,627,627,627,627-0,0,0,0,0,0,0,0,0,0,0,0,0,0,0,527,627,627,627,627,627,627,627,627,627-0,0,0,0,0,0,0,0,a4701,0,0,0,0,a4701,0,527,627,627,627,627,627,627,627,627,627-0,0,0,a4701,0,0,0,0,0,0,0,0,0,0,0,527,627,627,627,627,627,627,627,627,627-0,0,0,0,0,0,0,0,0,0,0,0,0,0,0,527,627,627,627,627,627,627,627,627,627-0,0,0,0,0,0,0,a4701,0,0,0,0,0,0,0,527,627,627,627,627,627,627,627,627,627-0,0,a4701,0,0,0,0,0,0,0,0,0,0,0,0,527,627,627,627,627,627,627,627,627,627-0,0,0,0,0,0,0,0,0,0,0,0,0,0,0,527,627,627,627,627,627,627,627,627,627-0,0,0,0,a4701,0,0,0,0,0,0,0,a4701,0,0,527,627,627,627,627,627,627,627,627,627-0,0,0,0,0,0,0,0,0,0,0,0,0,0,0,527,627,627,627,627,627,627,627,627,627-0,0,0,0,0,0,0,a4701,0,0,0,a4701,0,0,0,527,627,627,627,627,627,627,627,627,627-0,0,0,0,0,0,0,0,0,0,0,0,0,0,a4701,527,627,627,627,627,627,627,627,627,627-0,0,0,0,0,0,0,0,0,0,0,0,0,0,0,527,627,627,627,627,627,627,627,627,627
false
9
6
kevin
</mapData>

















