<mapData>
City of Light 3x0
627,627,627,627,627,627,627,627,627,727,16,16,115,115,16,16,16,16,16,16,16,16,16,16,16-627,627,627,627,627,627,627,627,627,727,16,16,115,115,16,16,16,16,16,16,16,16,16,16,16-627,627,627,627,627,627,627,627,627,727,16,16,115,115,16,16,16,16,16,16,16,16,16,16,16-627,627,627,627,627,627,627,627,627,727,16,16,115,115,16,16,16,16,16,16,16,16,16,16,16-627,627,627,627,627,627,627,627,627,727,16,16,115,115,16,16,16,16,16,16,16,16,16,16,16-627,627,627,627,627,627,627,627,627,727,16,16,115,115,16,16,16,16,16,16,16,16,16,16,16-627,627,627,627,627,627,627,627,627,727,16,16,115,115,16,16,16,16,16,16,16,16,16,16,16-627,627,627,627,627,627,627,627,627,727,16,16,115,115,115,115,115,115,115,16,16,16,16,16,16-627,627,627,627,627,627,627,627,627,727,16,16,115,115,115,115,115,115,115,115,115,115,115,115,115-627,627,627,627,627,627,627,627,627,727,16,16,16,16,16,16,16,115,115,115,115,115,115,115,115-627,627,627,627,627,627,627,627,627,727,16,16,16,16,16,16,16,115,115,16,16,16,16,16,16-627,627,627,627,627,627,627,627,627,727,16,16,16,16,16,16,16,115,115,16,16,16,16,16,16-627,627,627,627,627,627,627,627,627,727,16,16,16,16,16,16,16,115,115,16,16,16,16,16,16-627,627,627,627,627,627,627,627,627,727,16,16,115,115,115,115,115,115,115,115,115,115,16,16,16-627,627,627,627,627,627,627,627,627,727,16,16,115,115,115,115,115,115,115,115,115,115,16,16,16-627,627,627,627,627,627,627,627,627,727,16,16,16,16,16,16,16,16,16,16,115,115,16,16,16-627,627,627,627,627,627,627,627,627,727,16,16,16,16,16,16,16,16,16,16,115,115,16,16,16-627,627,627,627,627,627,627,627,627,727,16,16,16,16,16,16,16,16,16,16,115,115,16,16,16-627,627,627,627,627,627,627,627,627,727,16,16,16,16,16,16,16,16,16,16,115,115,16,16,16-627,627,627,627,627,627,627,627,627,727,16,16,16,16,16,115,115,115,115,115,115,115,16,16,16-627,627,627,627,627,627,627,627,627,727,16,16,16,16,16,115,115,115,115,115,115,115,16,16,16-627,627,627,627,627,627,627,627,627,727,16,16,16,16,16,16,16,16,16,16,115,115,115,115,115-627,627,627,627,627,627,627,627,627,727,16,16,16,16,16,16,16,16,16,16,115,115,115,115,115-627,627,627,627,627,627,627,627,627,729,626,626,626,626,626,626,626,626,626,626,626,626,626,626,626-627,627,627,627,627,627,627,627,627,627,627,627,627,627,627,627,627,627,627,627,627,627,627,627,627
627,627,627,627,627,627,627,627,627,727,0,0,0,0,0,0,0,0,0,0,0,0,0,0,0-627,627,627,627,627,627,627,627,627,727,0,0,0,0,0,0,0,0,0,0,0,0,0,0,0-627,627,627,627,627,627,627,627,627,727,0,0,0,0,0,0,0,0,0,0,0,0,0,0,0-627,627,627,627,627,627,627,627,627,727,0,0,0,0,054,154,254,354,454,0,0,0,0,0,0-627,627,627,627,627,627,627,627,627,727,0,0,0,0,055,155,255,355,455,0,0,054,154,254,354-627,627,627,627,627,627,627,627,627,727,0,0,0,0,056,156,256,356,456,0,0,055,155,255,355-627,627,627,627,627,627,627,627,627,727,0,0,0,0,057,157,257,357,457,0,0,056,156,256,356-627,627,627,627,627,627,627,627,627,727,0,0,0,0,0,0,0,0,0,0,0,057,157,257,357-627,627,627,627,627,627,627,627,627,727,0,0,0,0,0,0,0,0,0,0,0,0,0,0,0-627,627,627,627,627,627,627,627,627,727,0,0,054,154,254,354,454,0,0,0,0,0,0,0,0-627,627,627,627,627,627,627,627,627,727,0,0,055,155,255,355,455,0,0,6372,6366,7366,7372,0,0-627,627,627,627,627,627,627,627,627,727,0,0,056,156,256,356,456,0,0,6372,6367,7367,7372,0,0-627,627,627,627,627,627,627,627,627,727,0,0,057,157,257,357,457,0,0,0,0,0,0,0,0-627,627,627,627,627,627,627,627,627,727,0,0,0,0,0,0,0,0,0,0,0,0,0,0,0-627,627,627,627,627,627,627,627,627,727,0,0,0,0,0,0,0,0,0,0,0,0,0,0,0-627,627,627,627,627,627,627,627,627,727,0,0,0,0,0,054,154,254,354,454,0,0,0,0,0-627,627,627,627,627,627,627,627,627,727,0,0,0,0,0,055,155,255,355,455,0,0,0,0,0-627,627,627,627,627,627,627,627,627,727,0,0,0,0,0,056,156,256,356,456,0,0,054,154,254-627,627,627,627,627,627,627,627,627,727,0,0,0,0,0,057,157,257,357,457,0,0,055,155,255-627,627,627,627,627,627,627,627,627,727,0,0,0,0,0,0,0,0,0,0,0,0,056,156,256-627,627,627,627,627,627,627,627,627,727,0,0,0,0,0,0,0,0,0,0,0,0,057,157,257-627,627,627,627,627,627,627,627,627,727,0,0,0,0,0,0,0,0,0,0,0,0,0,0,0-627,627,627,627,627,627,627,627,627,727,0,0,0,0,0,0,0,0,0,0,0,0,0,0,0-627,627,627,627,627,627,627,627,627,627,626,626,626,626,626,626,626,626,626,626,626,626,626,626,626-627,627,627,627,627,627,627,627,627,627,627,627,627,627,627,627,627,627,627,627,627,627,627,627,627
false
3
0
kevin
</mapData>

<mapTransition>
13
13
AuXGUcqVxnNPGrS



true
false
false
false




BjX1NTLo0v9xogS
</mapTransition>
<mapTransition>
15
7
DNrZRWWFNUalSUV



true
false
false
false




6I0f5a5tOAFzoFg
</mapTransition>
<mapTransition>
16
19
IK4QNahvKje16MV



true
false
false
false




KFrj0UyYssaiSIa
</mapTransition>
<mapTransition>
22
8
YmeCfQQmqKo2QEf



true
false
false
false




hEWeorguVOb2QVP
</mapTransition>
<mapTransition>
23
21
B03ge3wccYGXBcA



true
false
false
false




kcRLtiuZIcxxZJz
</mapTransition>
















