<mapData>
CoL PvP area
4373,4373,4373,4373,4373,4373,4373,4373,4373,4373,4373,4373,4373,4373,4373,4373,4373,4373,4373,4373-4374,4374,4374,4374,4374,4374,4374,4374,4374,4374,4374,4374,4374,4374,4374,4374,4374,4374,4374,4374-0372,0372,0372,0372,0372,0372,0372,0372,0372,0372,0372,0372,0372,0372,0372,0372,0372,0372,0372,0372-0372,0372,0372,0372,0372,0372,0372,0372,0372,0372,0372,0372,0372,0372,0372,0372,0372,0372,0372,0372-0372,0372,0372,0372,0372,0372,0372,0372,0372,0372,0372,0372,0372,0372,0372,0372,0372,0372,0372,0372-0372,0372,0372,0372,0372,0372,0372,0372,0372,0372,0372,0372,0372,0372,0372,0372,0372,0372,0372,0372-0372,0372,0372,1372,1372,1372,1372,1372,1372,1372,1372,1372,1372,1372,1372,1372,1372,0372,0372,0372-0372,0372,0372,1372,0306,1306,2306,1372,1372,1372,1372,1372,1372,0306,1306,2306,1372,0372,0372,0372-0372,0372,0372,1372,0307,1307,2307,1372,1372,1372,1372,1372,1372,0307,1307,2307,1372,0372,0372,0372-0372,0372,0372,1372,0308,1308,2308,1372,1372,1372,1372,1372,1372,0308,1308,2308,1372,0372,0372,0372-0372,0372,0372,1372,1372,1372,1372,1372,1372,1372,1372,1372,1372,1372,1372,1372,1372,0372,0372,0372-0372,0372,0372,0372,0372,0372,0372,0372,0372,0372,0372,0372,0372,0372,0372,0372,0372,0372,0372,0372-0372,0372,0372,0372,0372,0372,0372,0372,0372,0372,0372,0372,0372,0372,0372,0372,0372,0372,0372,0372-0372,0372,0372,0372,0372,0372,0372,0372,0372,0372,0372,0372,0372,0372,0372,0372,0372,0372,0372,0372-0372,0372,0372,0372,0372,0372,0372,0372,0372,1372,1372,0372,0372,0372,0372,0372,0372,0372,0372,0372
4373,4373,4373,4373,4373,4373,4373,4373,4373,4373,4373,4373,4373,4373,4373,4373,4373,4373,4373,4373-4374,4374,4374,4374,4374,4374,4374,4374,4374,4374,4374,4374,4374,4374,4374,4374,4374,4374,4374,4374-0,0,0,0,3290,4290,5290,0,0,0,0,0,0,3290,4290,5290,0,0,0,0-0,0,0,0,3291,4291,5291,0,0,0,0,0,0,3291,4291,5291,0,0,0,0-0,0,0,0,0,0,0,0,0,0,0,0,0,0,0,0,0,0,0,0-0,0,0,0,0,0,0,0,0,0,0,0,0,0,0,0,0,0,0,0-0,0,0,0,0,0,0,0,0,0,0,0,0,0,0,0,0,0,0,0-0,0,0,0,0,0,0,0,0,0,0,0,0,0,0,0,0,0,0,0-0,0,0,0,0,0,0,0,0,0,5407,0,0,0,0,0,0,0,0,0-0,0,0,0,0,0,0,0,0,0,5408,0,0,0,0,0,0,0,0,0-0,0,0,0,0,0,0,0,0,0,0,0,0,0,0,0,0,0,0,0-0,0,0,0,0,0,0,0,0,0,0,0,0,0,0,0,0,0,0,0-0,0,0,0,0,0,0,0,0,0,0,0,0,0,0,0,0,0,0,0-0,0,0,0,0,0,0,0,0,0,0,0,0,0,0,0,0,0,0,0-0,0,0,0,0,0,0,0,0,0,0,0,0,0,0,0,0,0,0,0
false
null
null
kevin
</mapData>

<mapTransition>
10
14
h1lOCX8DbAw8Am7



true
false
false
false




DmpkzKpKIgLAiuo
</mapTransition>






<pvpSelectAction>
10
10
sQkckyplQUT2P0M



true
false
false
false




</pvpSelectAction>










