<mapData>
CoL House basic 12
0,0,5377,6377,0,4373,4373,4373,5377,0-0,0,5378,0,0,4374,4374,4374,0,4374-5371,5371,5371,5371,5371,5371,5371,5371,5371,5371-5371,5371,5371,5371,5371,5371,5371,5371,5371,5371-5371,5371,5371,5371,5371,5371,5371,5371,5371,5371-5371,5371,5371,5371,5371,5371,5371,5371,5371,5371-5371,5371,5371,5371,5371,5371,5371,5371,5371,5371-5371,5371,5371,5371,5371,5371,5371,5371,5371,5371-5371,5371,5371,5371,5371,5371,5371,5371,5371,5371-5371,5371,5371,5371,5371,5371,5371,5371,5371,5371-5371,5371,5371,5371,5371,5371,5371,5371,5371,5371-5371,5371,5371,5371,5371,5371,5371,5371,5371,5371-5371,5371,5371,5371,5371,5371,5371,5371,5371,5371-5371,5371,5371,5371,5371,5371,5371,5371,5371,5371-5371,5371,5371,5371,5371,6402,5371,5371,5371,5371
4373,4373,5377,6377,4373,4373,5377,6377,4373,4373-4374,4374,5378,6378,4374,4374,5378,6378,4374,4374-7377,0,0,0390,1390,0,0,0,4387,5387-7378,0,0,0391,1391,0,0,0,4388,5388-0,0,0,0,0,0,0,0,0,0-0,4382,0,0,0,0,0,0,0,0-0,4383,0,0,2386,0,0,0,0,0-0,0,0,0,2387,0,0,5384,6384,0-0,0,0,0,2387,0,0,5385,6385,0-0,0,0,0,2388,0,0,0,0,0-2381,3381,0,0,0,0,0,0,0,0-2382,3382,0,0,0,0,0,0,0,0-0,0,0,0,0,0,0,0,0,0-0,0,0,0,0,0,0,0,0,0-0,0,0,0,0,0,0,0,0,0
false
null
null
kevin
</mapData>

<mapTransition>
5
14
haphhgVMIk9Ys2p



true
false
false
false




rce09dI434Y19rg
</mapTransition>

<computerAction>
3
4
5gvVXsrHgg07TsD



true
false
false
false




</computerAction>









<personAction>
6
11
YY3Mbvw0owfehPc



false
true
false
false
/images/chars/littleboy1.png

-16
actionObject spritely
littleboy1

d
</personAction>
<personAction>
6
11
YY3Mbvw0owfehPc



false
true
false
false
/images/chars/littleboy1.png

-16
actionObject spritely
littleboy1

d
</personAction>

<messagePersonAction>
6
11
YY3Mbvw0owfehPc



false
true
false
false
/images/chars/littleboy1.png

-16
actionObject spritely
littleboy1

d
Lookout there's a giant spider behind u.; Just kidding, lol.
</messagePersonAction>





