<mapData>
GardenSenNunu
00,00,00,00,06,26,00,00,00,00-00,01,01,01,06,26,00,00,00,00-00,01,01,01,06,26,00,00,00,00-00,59,69,69,36,26,00,00,00,00-00,511,611,611,37,26,00,00,00,00-00,00,00,00,06,46,15,25,00,00-00,00,00,00,06,16,16,26,00,00-00,00,00,00,06,16,16,26,00,00-00,00,00,00,06,47,17,27,00,00-00,00,00,00,06,26,02,12,22,00-00,00,00,00,06,26,03,13,23,00-00,00,00,00,06,26,04,35,23,00-00,00,00,00,06,26,00,04,24,00-00,00,00,00,06,26,00,00,00,00-00,00,00,00,06,26,00,00,00,00
617,620,620,720,00,00,520,620,620,717-718,0,0,0,00,0,0,0,0,718-718,0,0,0,00,0,0,00,7377,718-718,0,0,0,00,0,0,0,7378,718-718,0,0,0,00,0,0,0,0,718-718,0,0,0,00,0,4401,0,0,718-718,320,320,320,00,0,0,6403,0,718-718,421,421,421,00,0,00,6403,0,718-718,422,422,422,00,00,0,0,0,718-718,032,132,232,00,00,00,00,00,718-718,033,133,233,00,00,00,00,00,718-718,034,134,234,00,00,0,0,0,718-718,0,0,0,00,00,11,0,0,718-718,0,0,0,00,00,0,0,0,718-618,0,0,0,00,00,0,0,0,618
false
null
null
kevin
</mapData>

















