<mapData>
Glooming forest 2x0
00,10,00,00,00,00,00,20,00,00,20,00,00,20,00,00,00,00,00,10,00,30,00,20,00-00,00,00,00,00,00,00,00,00,00,00,00,00,00,00,00,00,00,00,00,00,00,00,00,00-00,00,00,00,00,00,00,00,00,00,00,00,00,00,00,00,00,00,00,00,00,00,10,00,00-00,00,00,00,00,00,00,00,00,00,00,00,30,00,00,00,00,00,00,00,00,00,00,00,00-00,00,00,20,00,00,00,00,00,10,00,30,00,00,20,00,00,00,00,00,00,00,00,00,00-00,00,00,00,00,00,00,00,00,00,00,00,00,00,00,00,30,00,00,00,00,30,00,00,00-00,20,00,00,00,00,00,00,00,00,00,20,00,00,00,00,00,20,00,00,00,00,00,00,00-00,00,20,00,00,10,00,00,20,00,00,00,00,00,00,00,00,00,00,00,00,00,00,00,10-00,00,00,00,00,00,00,00,00,00,00,00,00,00,00,00,00,00,00,00,00,00,00,00,30-00,00,30,10,00,00,00,00,00,00,00,00,00,00,00,00,00,00,00,00,00,00,00,00,00-00,00,00,00,00,00,30,00,00,00,00,00,00,00,00,00,00,00,20,00,00,00,00,00,00-00,00,00,00,00,00,00,00,30,00,00,00,00,00,00,00,00,00,00,00,00,00,00,00,00-00,00,00,00,00,20,00,00,00,00,00,10,00,00,00,00,00,00,00,00,00,00,20,00,00-00,00,00,00,00,00,00,00,00,00,00,00,00,00,10,00,00,00,00,00,00,00,00,00,00-00,00,00,20,00,00,00,00,10,00,00,00,00,00,00,00,00,00,00,00,30,00,00,00,00-00,00,00,00,00,00,00,00,00,00,00,10,00,00,00,10,00,00,00,00,00,00,00,00,00-00,00,00,00,00,00,00,00,20,00,00,00,00,00,20,00,00,00,10,00,00,00,00,00,00-00,00,00,00,00,00,00,00,20,00,00,10,00,00,00,00,00,00,00,00,20,00,00,20,00-00,00,00,00,00,10,20,00,00,00,00,00,00,00,00,10,00,00,00,00,00,00,00,10,00-00,00,00,00,00,00,00,30,00,00,00,00,00,00,00,00,00,00,00,00,00,00,00,00,00-00,00,30,00,00,00,00,00,00,00,00,00,00,00,00,00,00,00,00,00,00,20,00,00,00-00,00,00,00,20,00,00,00,00,00,00,00,10,00,00,00,00,00,00,30,00,00,00,00,00-00,00,00,00,00,00,00,00,00,10,00,00,00,00,00,00,30,00,00,00,00,00,00,00,00-00,00,00,00,00,00,00,00,00,00,00,00,00,00,00,00,30,00,10,00,00,10,00,00,00-00,00,00,00,00,00,00,10,00,10,00,00,00,00,00,00,00,00,00,00,00,10,00,00,00
5281,0278,1278,2278,0,0,527,627,627,627,627,627,627,627,627,627,627,627,627,627,627,627,627,627,627-2278,3281,4281,5281,0,0,527,627,627,627,627,627,627,627,627,627,627,627,627,627,627,627,627,627,627-5281,0278,1278,2278,0,0,527,627,627,627,627,627,627,627,627,627,627,627,627,627,627,627,627,627,627-2278,3281,4281,5281,33,33,527,627,627,627,627,627,627,627,627,627,627,627,627,627,627,627,627,627,627-5281,0278,1278,2278,0,0,527,627,627,627,627,627,627,627,627,627,627,627,627,627,627,627,627,627,627-2278,0279,1279,2279,0,0,527,627,627,627,627,627,627,627,627,627,627,627,627,627,627,627,627,627,627-2279,0280,1280,2280,0,0,527,627,627,627,627,627,627,627,627,627,627,627,627,627,627,627,627,627,627-2280,0,0,0,0,0,527,627,627,627,627,627,627,627,627,627,627,627,627,627,627,627,627,627,627-0,0,0,0,0,0,527,627,627,627,627,627,627,627,627,627,627,627,627,627,627,627,627,627,627-0,0,0,0,0,0,527,627,627,627,627,627,627,627,627,627,627,627,627,627,627,627,627,627,627-0,0,0,0,0,0,527,627,627,627,627,627,627,627,627,627,627,627,627,627,627,627,627,627,627-0,0,0,0,0,0,527,627,627,627,627,627,627,627,627,627,627,627,627,627,627,627,627,627,627-0,0,0,0,0,0,527,627,627,627,627,627,627,627,627,627,627,627,627,627,627,627,627,627,627-0,0,0,0,0,0,527,627,627,627,627,627,627,627,627,627,627,627,627,627,627,627,627,627,627-0,0,0,0,0,0,527,627,627,627,627,627,627,627,627,627,627,627,627,627,627,627,627,627,627-0,0,0,0,0,0,527,627,627,627,627,627,627,627,627,627,627,627,627,627,627,627,627,627,627-0,0,0,0,0,0,527,627,627,627,627,627,627,627,627,627,627,627,627,627,627,627,627,627,627-0,0,0,0277,1277,2277,527,627,627,627,627,627,627,627,627,627,627,627,627,627,627,627,627,627,627-0277,1277,2277,0278,1278,2278,527,627,627,627,627,627,627,627,627,627,627,627,627,627,627,627,627,627,627-0278,1278,2278,3281,4281,5281,527,627,627,627,627,627,627,627,627,627,627,627,627,627,627,627,627,627,627-3281,4281,5281,0278,1278,2278,527,627,627,627,627,627,627,627,627,627,627,627,627,627,627,627,627,627,627-0278,1278,2278,3281,4281,5281,527,627,627,627,627,627,627,627,627,627,627,627,627,627,627,627,627,627,627-3281,4281,5281,0278,1278,2278,527,627,627,627,627,627,627,627,627,627,627,627,627,627,627,627,627,627,627-0278,1278,2278,3281,4281,5281,527,627,627,627,627,627,627,627,627,627,627,627,627,627,627,627,627,627,627-3281,4281,5281,0278,1278,2278,527,627,627,627,627,627,627,627,627,627,627,627,627,627,627,627,627,627,627
false
2
0
kevin
</mapData>

















