<mapData>
Glooming forest house 1
4371,4371,4371,4373,4373,4371,4371,4371,4371,4373-4371,4371,4371,4374,4374,4371,4371,4371,4371,4374-4371,4371,4371,4371,4371,4371,4371,4371,4371,4371-4371,3371,3371,3371,3371,3371,3371,3371,3371,3371-4371,3371,3371,3371,3371,3371,3371,3371,3371,3371-4371,3371,3371,3371,3371,3371,3371,3371,3371,3371-4371,3371,3371,3371,3371,3371,3371,3371,3371,3371-4371,3371,3371,3371,3371,3371,3371,3371,3371,3371-4371,3371,3371,3371,3371,3371,3371,3371,3371,3371-4371,3371,3371,3371,3371,3371,3371,3371,3371,3371-4371,3371,3371,3371,3371,3371,3371,3371,3371,3371-4371,3371,3371,3371,3371,3371,3371,3371,3371,3371-4371,3371,3371,3371,3371,3371,3371,3371,3371,3371-4371,3371,3371,3371,3371,3371,3371,3371,3371,3371-4371,3371,3371,3371,3371,5371,3371,3371,3371,3371
4373,4373,4373,5375,6375,4373,4373,4373,4373,4373-4374,4374,4374,5376,6376,4374,4374,4374,4374,4374-0,0,0,0,0,0,0,0,0,0-0,2386,0,0,0,0,3386,0,0,0-0,2387,0,5384,6384,0,3387,0,0,0-0,2388,0,5385,6385,0,3388,0,0,0-0,0,0,0,0,0,0,0,0,0-0,0,0,0,0,0,0,0,0,0-5381,6381,0,0,6372,4399,5399,7372,0,0-5382,6382,0,0,6372,4400,5400,7372,0,0-5383,6383,0,0,0,0,0,0,0,0-0,0,0,0,0,0,0,0,0,0-0,0,0,0,0,0,0,0,0,0-0,0,0,7377,0,0,7377,0,0,0-0,0,0,7378,0,0,7378,0,0,0
false
null
null
kevin
</mapData>

<mapTransition>
5
14
KVMjF4ec1OsMpa0



true
false
false
false




Xd5RB8jrtFFfLd4
</mapTransition>
















