<mapData>
Glooming forest own house
4371,4371,4371,4373,4373,4371,4371,4371,4371,4373-4371,4371,4371,4374,4374,4371,4371,4371,4371,4374-4371,4371,4371,4371,4371,4371,4371,4371,4371,4371-4371,3371,3371,3371,3371,3371,3371,3371,3371,3371-4371,3371,3371,3371,3371,3371,3371,3371,3371,3371-4371,3371,3371,3371,3371,3371,3371,3371,3371,3371-4371,3371,3371,3371,3371,3371,3371,3371,3371,3371-4371,3371,3371,3371,3371,3371,3371,3371,3371,3371-4371,3371,3371,3371,3371,3371,3371,3371,3371,3371-4371,3371,3371,3371,3371,3371,3371,3371,3371,3371-4371,3371,3371,3371,3371,3371,3371,3371,3371,3371-4371,3371,3371,3371,3371,3371,3371,3371,3371,3371-4371,3371,3371,3371,3371,3371,3371,3371,3371,3371-4371,3371,3371,3371,3371,3371,3371,3371,3371,3371-4371,3371,3371,3371,3371,5371,3371,3371,3371,3371
4373,4373,4373,5375,6375,4373,4373,4373,4373,4373-4374,4374,4374,5376,6376,4374,4374,4374,4374,4374-0,0,0,0,0,0,5396,6396,0,0-3383,0381,1381,0,0,0,5397,6397,0,0-3384,0382,1382,0,0,0,0,0,0,0-3385,0383,1383,0,0,0,0,0,0,0-0,0,0,0,0,0,0,0,0,0-0,0,0,0,0,0,0,0,0,0-5381,6381,0,0,6372,4399,5399,7372,0,0-5382,6382,0,0,6372,4400,5400,7372,0,0-5383,6383,0,0,0,0,0,0,0,0-0,0,0,0,0,0,0,0,0,0-0,0,0,0,0,0,0,0,0,0-0,0,0,7377,0,0,7377,0,0,0-0,0,0,7378,0,0,7378,0,0,0
false
null
null
kevin
</mapData>

<mapTransition>
5
14
A9vkb30nTEaUwOa



true
false
false
false




KGtW2L0tmi8hnWx
</mapTransition>
<mapTransition>
5
14
z9noB1AhZxRbqZb



true
false
false
false




shHIvp4yRGpwH7M
</mapTransition>
<mapTransition>
5
2
IrdtJc9SqStp28T



true
false
false
false




WZZudjJwatHC51k
</mapTransition>
<mapTransition>
5
2
XDdRo8cQDvkRGh8



true
false
false
false




haiZJvI3zx65V4x
</mapTransition>
<mapTransition>
5
3
aOJd5F1FWzgU7VP



true
false
false
false




J724KhLgzvkex4s
</mapTransition>
<mapTransition>
5
3
2HGogFwo0twZqgD



true
false
false
false




9pkwOeXxtHxg0cV
</mapTransition>















<altMapData>
false
false
true


clearedOldFactory
0
</altMapData>









<findItemAction>
0
11
YyQIvJ1L00RuNYh



true
false
false
true
/images/tiles/sheet1/53.png



</findItemAction>







