<mapData>
Old factory f0
6373,6373,6373,6373,6373,6373,6373,6373,6373,6373,6373,6373,6373,6373,6373,6373,6373,6373,6373,6373,6373,6373,6373,6373,6373-6374,6374,6374,6374,6374,6374,6374,6374,6374,6374,6374,6374,6374,6374,6374,6374,6374,6374,6374,6374,6374,6374,6374,6374,6374-1372,1372,1372,1372,1372,1372,1372,1372,1372,1372,1372,1372,1372,1372,1372,1372,1372,1372,1372,1372,1372,1372,1372,1372,1372-1372,1372,1372,1372,1372,1372,1372,1372,1372,1372,1372,1372,1372,1372,1372,1372,1372,1372,1372,1372,1372,1372,1372,1372,1372-1372,1372,1372,1372,1372,1372,1372,1372,1372,1372,1372,1372,1372,1372,1372,1372,1372,1372,1372,1372,1372,1372,1372,1372,1372-1372,1372,1372,1372,1372,1372,1372,1372,1372,1372,1372,1372,1372,1372,1372,1372,1372,1372,1372,1372,1372,1372,1372,1372,1372-1372,1372,1372,1372,1372,1372,1372,1372,1372,1372,1372,1372,1372,1372,1372,1372,1372,1372,1372,1372,1372,1372,1372,1372,1372-1372,1372,1372,1372,1372,1372,1372,1372,1372,1372,1372,1372,1372,1372,1372,1372,1372,1372,1372,1372,1372,1372,1372,1372,1372-1372,1372,1372,1372,1372,1372,1372,1372,1372,1372,1372,1372,1372,1372,1372,1372,1372,1372,1372,1372,1372,1372,1372,1372,1372-1372,1372,1372,1372,1372,1372,1372,1372,1372,1372,1372,1372,1372,1372,1372,1372,1372,1372,1372,1372,1372,1372,1372,1372,1372-1372,1372,1372,1372,1372,1372,1372,1372,1372,1372,1372,1372,1372,1372,1372,1372,1372,1372,1372,1372,1372,1372,1372,1372,1372-1372,1372,1372,1372,1372,1372,1372,1372,1372,1372,1372,1372,1372,1372,1372,1372,1372,1372,1372,1372,1372,1372,1372,1372,1372-1372,1372,1372,1372,1372,1372,1372,1372,1372,1372,1372,1372,1372,1372,1372,1372,1372,1372,1372,1372,1372,1372,1372,1372,1372-1372,1372,1372,1372,1372,1372,1372,1372,1372,1372,1372,1372,1372,1372,1372,1372,1372,1372,1372,1372,1372,1372,1372,1372,1372-1372,1372,1372,1372,1372,1372,1372,1372,1372,1372,1372,1372,1372,1372,1372,1372,1372,1372,1372,2372,1372,1372,1372,1372,1372
6373,6373,6373,6373,6373,6373,6373,6373,6373,6373,6373,6373,6373,6373,6373,6373,6373,6373,6373,6373,6373,6373,6373,6373,6373-6374,6374,6374,6374,6374,4386,5386,4386,5386,4386,5386,4386,5386,4386,5386,0,6374,6374,0389,1389,2389,3389,4389,6374,6374-0,0,5396,6396,0,4387,5387,4387,5387,4387,5387,4387,5387,4387,5387,5218,0,0,0390,1390,2390,3390,4390,0,0-0,0,5397,6397,0,4388,5388,4388,5388,4388,5388,4388,5388,4388,5388,0,0,0,0391,1391,2391,3391,4391,0,0-0,0,0,0,0,0,0,0,0,0,0,0,0,0,0,0,0,0,7388,0,0,7388,0,0,0-0,4386,5386,4386,5386,4386,5386,4386,5386,4386,5386,4386,5386,4386,5386,0,0,0,0389,1389,2389,3389,4389,0,0-5218,4387,5387,4387,5387,4387,5387,4387,5387,4387,5387,4387,5387,4387,5387,0,0,0,0390,1390,2390,3390,4390,0,0-0,4388,5388,4388,5388,4388,5388,4388,5388,4388,5388,4388,5388,4388,5388,0,0,0,0391,1391,2391,3391,4391,0,0-0,0,0,0,6195,7195,0,0,0,0,0,0,0,0,0,0,0,0,7388,0,0,0,0,0,0-0,0,0,0,6196,7196,0,0,0,0,2386,0,0,0,0,0,0,0,0,0,0,0,0,0,0-2379,2379,2379,2379,2379,2379,2379,2379,2379,2379,2387,0,5384,6384,0,0,0,0,0,0,0,0,0,0,0-0,0389,1389,2389,3389,4389,0,0,0,2379,2388,0,5385,6385,0,0,0,0,0,0,0,0,0,0,0-0,0390,1390,2390,3390,4390,0,0,0,0,0,0,0,0,0,0,0,0,0,0,0,0,0,0,0-0,0391,1391,2391,3391,4391,0,0,0,2379,0,0,0,0,0,0,0,0,0,0,0,0,0,0,0-0,7388,0,0,7388,0,0,0,0,2379,0,0,0,0,0,0,0,0,0,0,0,0,0,0,0
false
null
null
kevin
</mapData>

<mapTransition>
1
2
fVLoQHltCRJbpXY



true
false
false
false




iNLpxsJwuDoyClY
</mapTransition>
<mapTransition>
1
3
xr4N5aV1LWZOtj9



true
false
false
false




pcGrPdQ5Te8w0Oj
</mapTransition>
<mapTransition>
19
14
3oBTWB6wuDvnUDk



true
false
false
false




NsRlQmaQphd82fe
</mapTransition>









<findItemAction>
6
11
3SlM212IPcGMqAW



true
false
false
true
/images/tiles/sheet1/53.png



</findItemAction>







