<mapData>
Overworld South 1x0
00,00,00,00,00,00,00,00,00,00,00,00,00,00,00,00,00,00,00,00,00,00,00,00,00-00,00,00,00,00,00,00,00,00,00,00,00,00,00,00,00,00,00,00,00,00,00,00,00,00-00,00,01,00,00,00,00,00,00,00,00,00,00,00,00,00,00,00,00,00,00,00,00,00,00-00,01,01,01,01,00,00,00,00,00,00,00,00,00,00,00,00,00,00,00,00,00,00,00,00-01,01,01,01,01,00,00,00,00,00,00,00,00,00,00,00,00,00,00,01,00,00,00,00,00-00,01,01,01,01,01,00,00,00,00,00,00,00,00,00,00,00,00,00,01,01,01,01,00,00-00,01,01,01,01,00,00,00,00,00,00,00,00,00,00,00,00,00,00,01,01,01,01,00,00-00,00,00,00,00,00,00,00,00,00,00,00,00,00,00,00,00,01,01,01,01,01,01,00,00-00,00,10,00,00,00,00,00,00,00,00,00,00,00,00,00,00,01,01,01,01,01,01,00,00-00,00,00,00,00,00,00,00,00,00,00,00,00,00,00,00,00,00,01,01,01,01,01,00,00-18,18,18,18,18,18,18,18,18,18,18,18,18,28,00,00,00,00,01,01,01,01,01,00,00-110,110,110,110,39,19,19,19,19,19,19,19,19,48,18,28,00,00,00,00,01,00,01,00,00-00,10,00,00,09,19,19,19,19,19,19,19,19,19,19,29,00,00,00,00,00,00,00,00,00-00,00,00,00,09,19,19,19,19,19,19,19,19,19,19,29,00,00,00,00,00,00,00,00,00-00,10,00,00,010,110,110,110,39,19,19,19,19,19,19,29,00,00,00,00,00,00,00,00,10-00,00,10,00,00,00,00,00,09,19,19,19,19,49,110,210,00,00,00,01,01,01,00,00,00-00,00,10,00,00,00,00,00,09,19,19,19,19,29,00,00,00,00,00,01,01,01,01,00,00-00,00,10,00,00,00,20,00,09,19,19,19,19,48,18,28,00,00,01,01,00,01,00,00,00-00,10,00,00,00,00,00,00,010,110,110,39,19,19,19,29,00,00,01,01,01,01,10,00,00-00,01,01,01,00,00,00,00,00,00,00,09,19,19,19,29,00,00,00,01,00,00,10,00,00-01,01,01,01,01,00,00,00,00,00,00,09,19,19,19,29,00,00,00,01,00,00,00,00,00-01,01,01,01,01,01,00,00,00,00,00,09,19,19,49,210,00,00,00,00,00,00,00,00,00-01,01,01,01,01,01,00,00,00,00,00,010,110,39,29,00,00,00,00,00,00,00,00,00,00-01,01,01,01,00,00,00,00,00,00,00,00,00,09,29,00,00,00,00,00,00,00,00,00,00-00,00,00,00,00,00,00,00,00,00,00,00,00,09,29,00,00,00,00,00,00,00,00,00,00
627,627,627,627,627,627,627,627,627,627,627,627,627,627,627,627,627,627,627,627,627,627,627,627,627-628,628,628,628,628,628,628,628,628,628,628,628,628,628,628,628,628,628,628,628,628,628,628,628,628-0,0,0,0,0,0,0,0,0,0,0,0,0,0,0,0,0,0,0,0,0,0,0,126,0-0,0,0,0,0,0,0,0,0,0,0,0,0,0,0,0,0,0,0,0,0,0,0,126,0-0,0,0,0,0,0,0,0,0,0,0,0,0,0,0,0,0,0,0,0,0,0,0,126,0-0,0,0,0,0,0,0,0,0,0,0,0,0,0,0,0,0,0,0,0,0,0,0,126,0-0,0,0,0,0,0,0,0,0,0,0,0,0,0,0,0,0,0,0,0,0,0,0,126,0-0,0,0,0,0,0,0,0,0,0,0,0,0,0,0,0,0,0,0,0,0,0,0,126,0-0,0,0,0,0,0,0,0,0,0,0,0,0,0,0,0,0,0,0,0,0,0,0,126,0-0,0,0,0,0,0,0,0,0,0,0,0,0,0,0,0,0,0,0,0,0,0,0,126,0-0,0,0,0,0,0,0,0,0,0,0,0,0,0,0,0,0,0,0,0,0,0,0,126,0-0,0,0,0,0,0,0,0,0,0,0,0,0,0,0,0,0,0,0,0,0,0,0,126,0-0,0,0,0,0,0,0,0,0,0,0,0,0,0,0,0,0,0,0,0,0,0,0,126,0-0,0,0,0,0,0,0,0,0,0,0,0,0,0,0,0,0,0,0,0,0,0,0,126,0-0,0,0,0,0,0,0,0,0,0,0,0,0,0,0,0,0,0,0,0,0,0,0,126,0-0,0,0,0,0,0,0,0,0,0,0,0,0,0,0,0,0,0,0,0,0,0,0,126,0-0,0,0,0,0,0,0,0,0,0,0,0,0,0,0,0,0,0,0,0,0,0,0,126,0-0,0,0,0,0,0,0,0,0,0,0,0,0,0,0,0,0,0,0,0,0,0,0,126,0-0,0,0,0,0,0,0,0,0,0,0,0,0,0,0,0,0,0,0,0,0,0,0,126,0-0,0,0,0,0,0,0,0,0,0,0,0,0,0,0,0,0,0,0,0,0,0,0,126,0-0,0,0,0,0,0,0,0,0,0,0,0,0,0,0,0,0,0,0,0,0,0,0,126,0-0,0,0,0,0,0,0,0,0,0,0,0,0,0,0,0,0,0,0,0,0,0,0,126,0-0,0,0,0,0,0,0,0,0,0,0,0,0,0,0,0,0,0,0,0,0,0,0,127,0-0,0,0,0,0,0,0,0,0,0,0,0,0,0,0,0,0,0,0,0,0,0,0,0,0-0,0,0,0,0,0,0,0,0,0,0,0,0,0,0,0,0,0,0,0,0,0,0,0,0
false
3
1
kevin
</mapData>
<pokemon>
10
50
8
17
</pokemon>
<pokemon>
13
50
10
16
</pokemon>
<pokemon>
18
10
15
15
</pokemon>
<pokemon>
21
20
10
18
</pokemon>

















