1
16
1

2
32
2

4
16
4

5
36
5

7
16
7

8
36
8

10
7
10

11
10
11

13
7
13

14
10
14

16
18
16

17
36
17

19
20
19

21
20
21

23
22
23

25
0
25
Thunderstone
27
22
27

29
16
29

32
16
32

30
0
30
Moon stone
29
16
29

32
16
32

33
0
33
Moon stone
35
0
35
Moon stone
37
0
37
Fire stone
39
0
39
Moon stone
41
22
41

43
21
43

44
0
44
Leaf Stone
46
24
46

48
31
48

50
26
50

52
28
52

54
33
54

56
28
56

58
0
58
Fire stone
60
25
60

61
0
61
Water Stone
63
16
63

64
0
64
Trade
66
28
66

67
0
67
Trade
69
21
69

70
0
70
Leaf Stone
72
30
72

74
25
74

75
0
75
Trade
77
40
77

79
37
79

81
30
81

84
31
84

86
34
86

88
38
88

90
0
90
Water Stone
92
25
92

93
0
93
Trade
96
26
96

98
28
98

100
30
100

102
0
102
Leaf Stone
104
28
104

109
35
109

111
42
111

116
32
116

118
33
118

120
0
120
Water Stone
129
20
129

133
0
133
Water Stone
133
0
133
Thunderstone
133
0
133
Fire stone
138
40
138

140
40
140

147
30
147

148
55
148
