 Glooming forest Gym
2402,3402,3402,3402,3402,3402,3402,3402,3402,3402,3402,3402,3402,3402,4402-2403,3403,3403,3403,3403,3403,3403,3403,3403,3403,3403,3403,3403,3403,4403-2404,3404,3404,3404,3404,3404,3404,3404,3404,3404,3404,3404,3404,3404,4404-0374,3371,3371,3371,3371,3371,3371,3371,3371,3371,3371,3371,3371,3371,2374-0374,3371,3371,3371,3371,3371,3371,3371,3371,3371,3371,3371,3371,3371,2374-0374,3371,3371,3371,3371,3371,3371,3371,3371,3371,3371,3371,3371,3371,2374-0374,3371,3371,3371,3371,3371,3371,3371,3371,3371,3371,3371,3371,3371,2374-0374,3371,3371,3371,3371,3371,3371,3371,3371,3371,3371,3371,3371,3371,2374-0374,3371,3371,3371,3371,3371,3371,3371,3371,3371,3371,3371,3371,3371,2374-0374,3371,3371,3371,3371,3371,3371,3371,3371,3371,3371,3371,3371,3371,2374-0374,3371,3371,3371,3371,3371,3371,3371,3371,3371,3371,3371,3371,3371,2374-0374,3371,3371,3371,3371,3371,3371,3371,3371,3371,3371,3371,3371,3371,2374-0374,3371,3371,3371,3371,3371,3371,3371,3371,3371,3371,3371,3371,3371,2374-0374,3371,3371,3371,3371,3371,3371,3371,3371,3371,3371,3371,3371,3371,2374-0374,3371,3371,3371,3371,3371,4371,4371,4371,3371,3371,3371,3371,3371,2374
0,0,0,0,0,0,0,0,0,0,0,0,0,0,0-0,0,0,0,0,0,0,0,0,0,0,0,0,0,0-0,0,0,0,0,0,0,0,0,0,0,0,0,0,0-0,0,0,0,0,0,0,0,0,0,0,0,0,0,0-0,0,0,0,0,0,0,3407,0,0,0,0,0,0,0-0,0,0,0,0,0,0,3408,0,0,0,0,0,0,0-0,0,0,0,2407,0,0,0,0,0,2407,0,0,0,0-0,0,0,0,2408,0,0392,1392,2392,0,2408,0,0,0,0-0,0,0,0,0,0,0393,1393,2393,0,0,0,0,0,0-0,0,0,0,0,0,0,0,0,0,0,0,0,0,0-0,0,0,0,0,0,0,0,0,0,0,0,0,0,0-0,0,0,0,0,0,0,0,0,0,0,0,0,0,0-0,0,0,0,0,0,0,0,0,0,0,0,0,0,0-0,0,0,0,0,0,0,0,0,0,0,0,0,0,0-0,0,0,0,0,0,0,0,0,0,0,0,0,0,0
false

7;14;Glooming forest -3x1;11;11;



null
null

