<mapData>
 Overworld South 3x3
00,42,52,42,52,00,00,00,00,510,710,00,00,00,42,52,42,52,20,00,00,00,00,40,50-00,00,00,00,00,42,52,42,52,510,710,00,00,00,00,00,00,00,00,00,00,00,00,41,51-00,00,00,00,00,00,00,00,10,510,410,69,69,69,79,00,10,00,00,00,00,00,00,42,52-00,00,00,00,00,00,00,00,00,511,611,611,611,311,710,00,00,00,00,00,00,00,00,00,00-00,00,00,00,00,00,00,00,00,00,20,00,00,510,410,69,69,69,69,69,69,69,69,69,69-00,00,00,00,00,00,00,00,00,00,00,00,00,511,611,611,611,611,611,611,611,611,611,611,611-00,00,00,00,30,00,00,00,00,00,00,30,00,00,00,00,20,00,00,00,00,00,00,00,00-00,00,00,00,00,00,00,00,00,00,00,20,00,00,00,00,30,00,00,00,00,00,00,00,00-00,00,00,00,00,00,00,00,00,00,00,00,00,00,00,00,00,00,00,10,00,00,00,00,00-00,00,00,00,00,00,00,00,00,00,00,20,00,00,00,00,00,00,20,00,00,00,00,00,00-00,00,00,00,00,00,00,00,00,10,00,00,00,00,00,00,00,00,00,00,00,00,00,00,00-00,00,00,00,00,00,00,00,00,20,00,00,00,00,00,00,00,00,00,00,00,00,00,00,20-00,59,69,69,69,69,79,00,00,00,00,30,10,00,00,00,00,00,00,00,00,00,00,00,00-00,510,411,611,611,611,311,79,20,00,00,00,00,00,00,00,00,20,00,00,00,00,00,00,00-00,510,710,00,00,00,511,311,69,69,69,69,69,69,79,00,00,00,00,10,00,00,00,00,00-00,510,710,00,20,00,00,511,611,611,611,611,611,611,311,79,00,20,20,00,00,20,00,30,00-00,510,710,00,00,00,00,00,00,00,00,00,00,10,511,311,79,00,10,00,00,30,00,00,00-00,510,710,00,00,00,00,00,00,10,00,00,00,00,00,511,311,79,00,00,20,00,00,00,00-00,510,710,00,00,00,00,00,00,00,00,00,00,00,10,00,511,311,69,69,69,69,69,69,69-00,510,710,00,00,00,00,00,00,00,00,00,00,00,00,20,00,511,611,611,611,611,611,611,611-69,310,710,00,00,20,00,00,00,30,00,00,00,00,00,00,00,00,00,00,00,00,00,00,20-611,611,711,00,00,00,00,00,00,00,00,00,00,00,00,00,00,00,30,00,00,00,00,00,00-00,00,00,00,00,00,00,00,10,00,00,00,00,00,00,00,00,00,00,00,00,00,00,10,20-00,00,00,00,00,00,00,00,00,00,20,30,00,30,00,00,00,00,00,00,00,00,00,00,00-00,00,00,00,00,00,00,00,00,00,00,00,00,00,00,00,00,00,00,00,00,00,00,30,20
0,42,52,42,52,41,51,41,51,0,0,0,0,0,42,52,42,52,0,0,0,0,0,40,50-0,0,0,0,0,42,52,40,50,0,0,0,0,0,0,0,0,0,0,0,0,0,0,41,51-0,0,0,0,0,0,0,41,51,0,0,0,0,0,0,0,0,0,0,0,0,0,0,42,52-0,60,70,60,70,60,70,40,50,0,0,0,0,0,0,0,0,0,0,0,0,0,0,0,0-0,61,71,61,71,61,71,41,51,0,0,0,0,0,0,0,0,0,0,0,0,0,0,0,0-0,40,50,40,50,40,50,40,50,0,0,0,0,0,0,0,0,0,0,0,0,0,0,0,0-70,41,51,41,51,41,51,41,51,60,70,0,0,0,0,60,70,0,0,0,0,0,0,0,0-71,40,50,40,50,40,50,40,50,61,71,60,70,60,70,61,71,60,70,60,70,0,0,0,0-50,41,51,41,51,41,51,41,51,62,72,41,51,61,71,40,50,61,71,61,71,60,70,0,0-51,40,50,42,52,42,52,40,50,41,51,40,50,40,50,41,51,40,50,40,50,61,71,60,70-50,41,51,0,0,0,0,41,51,40,50,41,51,41,51,40,50,41,51,41,51,40,50,61,71-51,42,52,0,0,0,0,42,52,41,51,40,50,40,50,41,51,40,50,40,50,41,51,40,50-50,0,0,0,0,0,0,0,0,42,52,41,51,41,51,40,50,41,51,41,51,40,50,41,51-51,0,0,0,0,0,0,0,0,0,0,42,52,42,52,41,51,40,50,40,50,41,51,40,50-52,0,0,60,70,0,0,0,0,0,0,0,0,0,0,42,52,41,51,41,51,40,50,41,51-0,0,0,61,71,60,70,0,0,0,0,0,0,0,0,0,0,42,52,40,50,41,51,40,50-0,0,0,40,50,61,71,60,70,60,70,0,0,0,0,0,0,0,0,41,51,42,52,41,51-0,0,0,41,51,40,50,61,71,61,71,60,70,0,0,0,0,0,0,42,52,0,0,42,52-0,0,0,40,50,41,51,40,50,40,50,61,71,0,0,0,0,0,0,0,0,0,0,0,0-0,0,0,41,51,40,50,41,51,41,51,40,50,60,70,0,0,0,0,0,0,0,0,0,0-0,0,0,42,52,41,51,42,52,40,50,41,51,61,71,60,70,60,70,0,0,0,0,0,0-0,0,0,0,0,42,52,0,0,41,51,40,50,40,50,61,71,61,71,60,70,60,70,0,0-0,0,0,0,0,0,0,0,0,42,52,41,51,41,51,40,50,40,50,61,71,61,71,60,70-0,0,0,0,0,0,0,0,0,0,0,42,52,42,52,41,51,41,51,40,50,40,50,61,71-0,0,0,0,0,0,0,0,0,0,0,0,0,0,0,40,50,40,50,41,51,41,51,40,50
false
5
3
kevin
</mapData>








