<mapData>
-1x-1
00,00,20,00,00,00,00,00,00,00,510,610,710,00,00,00,00,00,00,00,00,10,00,00,30-00,00,00,00,10,20,00,00,00,00,510,610,710,20,00,00,00,00,00,00,00,20,00,00,00-00,00,00,00,10,10,00,20,00,00,510,610,710,00,00,00,00,20,00,00,00,00,00,00,00-00,00,00,00,00,00,00,00,00,00,510,610,710,00,00,20,00,00,00,00,00,00,00,00,00-00,00,00,00,00,00,00,20,59,69,310,610,410,69,79,00,20,00,00,00,00,20,00,00,00-00,00,00,00,00,00,59,69,310,610,610,610,610,610,410,79,00,20,00,00,00,00,00,00,00-00,00,00,00,00,59,310,610,411,611,611,611,611,311,610,410,79,00,00,00,00,00,00,00,00-00,00,00,20,00,510,610,610,710,00,00,00,00,510,610,610,710,00,00,10,00,00,00,00,00-00,10,00,00,00,510,610,610,710,00,00,00,00,510,610,610,710,20,00,30,00,00,00,00,00-00,00,00,00,00,510,610,610,710,20,20,20,20,510,610,610,710,00,00,00,00,00,00,00,00-30,00,00,30,00,511,311,610,410,69,69,69,69,310,610,411,711,00,00,00,00,00,00,00,00-00,00,00,00,00,00,511,311,610,610,610,610,610,610,411,711,00,00,00,00,00,00,00,00,00-00,00,00,00,00,00,00,511,611,611,611,611,611,611,711,00,00,00,00,00,00,00,00,00,00-00,00,00,00,00,00,20,00,00,00,00,00,00,00,00,20,00,00,00,00,10,00,00,00,00-00,00,00,00,00,00,00,00,00,00,00,20,00,20,00,00,00,00,00,00,00,00,00,00,00-00,00,10,00,00,00,00,00,00,00,00,00,00,00,00,00,00,00,00,00,00,00,00,00,00-00,00,00,00,00,00,00,00,00,00,20,00,00,00,00,00,00,00,00,00,00,00,00,00,00-00,00,30,00,00,00,00,00,00,30,00,00,00,00,00,00,00,00,10,00,00,00,00,00,00-00,00,00,00,00,00,00,00,00,00,00,00,00,00,00,00,00,00,00,00,00,00,00,00,00-00,00,00,00,00,00,00,00,00,00,00,00,00,00,30,00,00,00,00,00,00,00,00,00,00-00,00,00,00,00,20,00,00,10,00,00,00,00,00,00,00,00,00,00,00,00,00,00,00,00-00,00,00,00,30,00,00,00,00,00,00,00,00,00,00,00,00,00,00,00,10,00,00,00,30-00,30,30,00,00,20,00,00,10,00,00,00,00,10,00,00,00,00,00,00,00,00,00,00,30-00,00,00,00,00,00,00,00,00,00,00,00,00,00,00,00,00,00,20,00,00,00,00,00,00-00,00,00,00,20,00,00,00,00,00,00,00,00,00,30,00,00,00,00,00,00,00,00,00,00
0,0,0,0,0,0,0,0,0,0,0,0,0,0,0,0,0,0,0,0,0,0,0,0,0-0,0,0,0,0,0,0,0,0,0,0,0,0,0,0,0,0,0,0,0,0,0,0,0,0-0,0,0,0277,1277,2277,0,0,0,0,0,0,0,0,0,0,0,0277,1277,2277,0,0,0,0,0-0,0,0,0278,1278,2278,0,0,0,0,0,0,0,0,0,0,0,0278,1278,2278,0,0,0,0,0-0,0,0,0279,1279,2279,0,0,0,0,0,0,0,0,0,0,0,0279,1279,2279,0,0,0,0,0-0,0,0,0280,1280,2280,0,0,0,0,0,0,0,0,0,0,0,0280,1280,2280,0,0,0,0,0-0,0,0,0,0,0,0,0,0,0,0,0,0,0,0,0,0,0,0,0,0,0,0,0,0-0,0,0,0,0,0,0,0,0,0,0,0,0,0,0,0,0,0,0,0,0,0,0,0,0-0,0,0,0,0,0,0,0,0,0,0,0,0,0,0,0,0,0,0,0,0,0,0,0,0-0,0,0,0,0,0,0,0,0,0,0,0,0,0,0,0,0,0,0,0,0,0,0,0,0-0,0,0,0,0,0,0,0,0,0,0,0,0,0,0,0,0,0,0,0,0277,1277,2277,0,0-0,0,0,0,0,0,0,0,0,0,0,0,0,0,0,0,0,0,0,0,0278,1278,2278,0,0-0,0,0,0277,1277,2277,0,0,0,0,0,0,0,0,0,0,0,0,0,0,0279,1279,2279,0,0-0,0,0,0278,1278,2278,0,0,0,0,0,0,0,0,0,0,0,0,0,0,0280,1280,2280,0,0-0,0,0,0279,1279,2279,0,0,0,0,0,0,0,0,0,0,0,0,0,0,0,0,0,0,0-0,0,0,0280,1280,2280,0,0,0,0,0,0,0,0,0,0277,1277,2277,0,0,0,0,0,0,0-2277,0277,1277,2277,0277,1277,2277,0277,1277,2277,0,0,0,0,0,0278,1278,2278,0,0,0,0,0,0,0-2278,0278,1278,2278,0278,1278,2278,0278,1278,2278,0,0,0,0,0,0279,1279,2279,0,0,0,0,0,0,0-5281,3281,4281,5281,3281,4281,5281,3281,4281,5281,0277,1277,2277,0,0,0280,1280,2280,0,0,0,0,0,0,0-2278,0278,1278,2278,0278,1278,2278,0278,1278,2278,0278,1278,2278,0,0,0,0,0,0,0,0,0,0,0,0-5281,3281,4281,5281,3281,4281,5281,3281,4281,5281,3281,4281,5281,0277,1277,2277,0277,1277,2277,0277,1277,2277,0,0,0-2278,0278,1278,2278,0278,1278,2278,0278,1278,2278,0278,1278,2278,0278,1278,2278,0278,1278,2278,0278,1278,2278,0,0,0-5281,3281,4281,5281,3281,4281,5281,3281,4281,5281,3281,4281,5281,3281,4281,5281,3281,4281,5281,3281,4281,5281,0277,1277,2277-2278,0278,1278,2278,0278,1278,2278,0278,1278,2278,0278,1278,2278,0278,1278,2278,0278,1278,2278,0278,1278,2278,0278,1278,2278-5281,3281,4281,5281,3281,4281,5281,3281,4281,5281,3281,4281,5281,3281,4281,5281,3281,4281,5281,3281,4281,5281,3281,4281,5281
false
-1
-1
kevin
</mapData>

















