<mapData>
-3x-3
00,00,00,00,00,00,00,00,00,00,00,00,00,00,00,00,00,10,00,00,00,00,00,00,00-00,00,00,00,00,00,00,00,00,00,10,00,00,00,00,00,00,30,00,00,00,00,00,00,00-00,00,00,00,00,00,00,00,00,00,00,00,00,00,00,00,00,00,00,00,00,00,00,00,10-00,00,00,00,00,00,00,20,00,00,00,00,00,00,00,00,00,00,00,00,00,00,00,00,00-00,20,00,00,00,00,00,00,00,00,00,00,00,20,00,00,00,00,00,00,00,00,00,10,00-00,00,00,00,00,00,00,00,00,30,00,00,10,00,00,00,00,00,00,00,00,00,00,00,00-00,10,00,00,00,00,00,00,00,00,00,30,00,00,00,00,00,00,00,00,30,00,00,00,00-00,00,00,00,00,00,00,00,00,00,00,10,00,00,00,20,00,00,00,10,00,30,00,00,00-00,00,20,00,00,00,00,00,00,00,00,00,00,00,00,00,00,20,00,00,00,00,00,00,00-00,00,00,00,00,00,20,00,00,00,00,00,00,00,00,00,00,00,00,00,00,00,00,00,00-00,00,00,00,00,20,00,00,00,00,00,00,00,00,00,00,00,00,30,00,00,00,00,00,00-00,00,00,00,00,30,00,00,00,00,00,00,00,00,00,00,00,00,00,00,00,00,00,00,00-00,00,20,00,30,00,10,00,00,00,00,00,00,00,00,00,00,30,00,00,00,00,00,00,00-00,00,00,00,00,00,00,00,00,20,00,00,00,00,00,20,30,00,00,30,00,00,00,00,00-00,10,00,00,10,00,00,00,00,00,00,00,00,00,00,00,00,00,00,00,00,00,00,00,00-00,00,00,00,00,00,00,00,00,00,00,00,00,00,00,20,00,00,00,00,00,00,00,00,00-20,00,00,00,00,00,00,00,00,00,00,00,00,00,00,10,00,00,00,00,00,00,00,00,00-00,00,00,10,00,00,20,00,00,00,00,00,00,00,00,00,10,00,00,00,00,00,10,00,00-00,00,00,00,00,00,00,00,00,00,00,00,00,00,00,00,00,00,00,00,00,00,00,00,00-00,00,00,00,00,20,00,00,00,00,00,00,00,00,00,00,00,00,00,00,00,00,00,00,00-00,00,00,00,00,00,00,00,00,00,10,00,00,00,00,00,00,00,00,00,00,00,00,00,30-00,00,00,00,00,30,00,00,00,00,00,20,00,00,00,30,00,00,00,00,00,00,00,00,00-00,00,00,00,00,00,00,00,00,00,00,00,00,00,00,00,00,00,00,00,00,00,00,00,00-00,00,00,00,00,00,00,00,00,00,00,00,00,00,00,00,00,00,00,00,00,00,00,00,00-10,00,00,00,00,00,00,00,00,00,00,00,00,10,00,00,00,00,00,00,00,00,00,00,00
75,55,65,75,56,66,76,56,66,76,55,65,75,55,65,75,56,66,76,56,66,76,56,66,76-76,56,66,76,55,65,75,55,65,75,56,66,76,56,66,76,55,65,75,55,65,75,55,65,75-75,55,65,75,56,66,76,56,66,76,55,65,75,55,65,75,56,66,76,56,66,76,56,66,76-76,56,66,76,55,65,75,55,65,75,56,66,76,56,66,76,55,65,75,57,67,77,57,67,77-75,55,65,75,56,66,76,56,66,76,55,65,75,55,65,75,56,66,76,58,68,78,58,68,78-76,56,66,76,55,65,75,55,65,75,56,66,76,56,66,76,57,67,77,0,0,0,0,0,0-75,55,65,75,56,66,76,56,66,76,57,67,77,57,67,77,58,68,78,0,0,0,0,0,0-76,56,66,76,57,67,77,57,67,77,58,68,78,58,68,78,0,0,0,0,0,0,0,0,0-75,55,65,75,58,68,78,58,68,78,0,0,0,0,0,0,0,0,0,0,0,0,0,0,0-76,56,66,76,0,0,0,0,0,0,0,0,0,0,0,0,0,0,0,0,0,0,0,0,0-75,55,65,75,0,0,0,0,0,0,0,0,0,0,0,0,0,63,0,0,0,0,0,0,0-76,56,66,76,0,0,0,0,0,0,0,0,0,0,63,0,54,64,74,0,0,0,0,0,0-75,55,65,75,0,0,0,0,0,0,0,63,0,54,64,74,55,65,75,0,0,0,0,0,0-76,56,66,76,0,0,0,0,0,0,54,64,74,55,65,75,56,66,76,0,0,0,0,0,0-75,55,65,75,0,63,0,0,63,0,55,65,75,56,66,76,55,65,75,0,0,0,0,0,0-76,56,66,76,54,64,74,54,64,74,56,66,76,55,65,75,56,66,76,0,0,0,0,0,0-75,55,65,75,55,65,75,55,65,75,55,65,75,56,66,76,57,67,77,0,0,0,0,0,0-76,56,66,76,56,66,76,56,66,76,56,66,76,55,65,75,58,68,78,0,0,0,0,0,0-75,55,65,75,55,65,75,55,65,75,55,65,75,56,66,76,0,0,0,0,0,0,0,0,0-76,56,66,76,56,66,76,56,66,76,56,66,76,57,67,77,0,0,0,0,0,0,0,0,0-75,55,65,75,55,65,75,55,65,75,57,67,77,58,68,78,0,0,0,0,0,0,0,0,0-76,56,66,76,56,66,76,56,66,76,58,68,78,0,0,0,0,0,0,0,0,0,0,0,0-75,55,65,75,55,65,75,57,67,77,0,0,0,0,0,0,0,0,0,0,0,0,0,0,0-76,56,66,76,56,66,76,58,68,78,0,0,0,0,0,0,0,0,0,0,0,0,0,0,0-75,55,65,75,55,65,75,0,0,0,0,0,0,0,0,0,0,0,0,0,0,0,0,0,0
false
-3
-3
kevin
</mapData>

















