<mapData>
-3x-1
00,00,00,00,00,00,00,00,00,00,00,00,00,00,00,00,00,00,00,00,00,00,00,20,00-00,00,00,00,00,00,10,00,00,00,00,00,00,00,00,10,00,00,00,00,00,00,20,30,00-00,00,00,00,00,00,00,00,00,00,00,00,00,00,00,00,00,00,00,00,30,00,00,00,00-00,00,00,00,00,00,00,00,00,00,00,00,00,00,00,00,00,00,00,00,00,00,00,00,00-00,00,00,00,00,00,00,00,00,00,00,00,00,00,00,00,00,00,00,30,00,00,00,00,00-00,00,30,00,56,66,76,00,00,00,00,30,00,00,00,00,00,20,20,00,00,00,00,00,00-00,00,20,00,57,67,77,00,00,00,00,00,00,00,00,00,00,00,00,00,10,00,00,00,00-00,20,00,00,58,68,78,20,00,30,00,00,20,00,00,00,00,00,00,00,00,00,00,00,00-30,00,00,20,00,00,20,00,00,00,10,30,00,00,00,00,00,00,00,00,00,00,00,00,00-00,10,00,00,00,00,00,00,10,00,00,00,00,00,00,20,00,20,00,00,00,00,00,00,00-10,00,20,00,00,00,00,00,00,00,00,00,00,00,30,00,00,00,00,00,00,00,00,00,00-00,00,00,00,00,00,00,00,00,00,10,00,00,00,00,00,00,00,00,00,00,00,00,00,00-00,00,00,00,00,30,00,00,00,00,00,00,00,00,00,00,00,00,30,00,00,00,00,00,10-00,00,00,00,00,00,00,00,00,00,00,00,00,20,00,00,00,00,00,00,00,00,00,10,00-00,00,00,00,00,00,00,00,00,00,00,00,00,00,00,00,00,00,00,00,00,00,00,00,00-00,00,00,00,00,00,00,00,00,00,00,00,00,00,00,00,00,00,00,10,00,00,00,00,00-00,20,00,00,20,00,00,00,00,00,00,00,00,00,00,00,00,00,00,10,20,00,00,00,00-00,00,00,00,10,00,00,00,00,00,00,00,00,20,00,00,00,00,00,00,00,00,00,00,20-00,00,00,00,00,00,00,00,00,00,00,00,00,00,00,00,00,00,00,00,00,00,00,00,00-00,00,00,00,00,00,00,00,30,00,00,10,00,00,00,00,10,00,00,00,00,00,10,00,00-00,00,00,00,00,00,00,30,00,00,00,00,00,00,00,00,00,00,00,00,00,00,00,00,00-00,00,00,00,00,00,00,00,10,00,00,00,00,30,00,00,00,00,00,00,00,00,00,00,00-00,00,00,00,00,00,00,00,00,00,00,00,00,30,00,00,00,00,00,00,00,00,00,00,00-00,00,00,00,00,00,00,00,00,00,00,00,00,00,00,00,00,00,00,00,00,00,00,00,00-00,00,00,30,00,00,00,00,00,00,20,00,20,00,00,20,00,00,00,00,00,00,00,00,00
75,55,65,75,55,65,75,0,0,0,0,0,0,0,0,0,0,0,0,0,0,0,0,0,0-76,56,66,76,56,66,76,0,0,0,0,0,0,0,0,0,0,0,0,0,0,0,0,0,0-75,55,65,75,55,65,75,0,0,0,0,0,0,0,0,0,0,0,0,0,0,0,0,0,0-76,56,66,76,56,66,76,0,0,0,0,0,0,0,0,0,0,0,0,0,0,0,0,0,0-75,55,65,75,55,65,75,0,0,0,0,0,0,0,0,0,0,0,0,0,0,0,0,0,0-76,56,66,76,56,66,76,0,0,0,0,0,0,0,0,0,0,0,0,0,0,0,0,0,0-75,55,65,75,57,67,0277,1277,2277,0,0,0,0,0,0,0,0,0,0,0,0,0,0,0,0-76,56,66,76,58,68,0278,1278,2278,0,0,0,0,0,0,0,0,0,0,0,0,0,0,0,0-77,57,67,77,0,0,3281,4281,5281,0,0,0,0,0,0,0,0,0,0,0,0,0,0,0,0-78,58,68,78,0,0,0278,1278,2278,0,0,0,0,0,0,0,0,0,0,0,0,0,0,0,0-0,0,0,0,0,0,3281,4281,5281,0,0,0,0,0,0,0,0,0,0,0,0,0,0,0,0-0,0,0,0,0,0,0278,1278,2278,0277,1277,2277,0,0,0,0,0,0,0,0,0,0,0,0,0-0,0,0,0,0,0,3281,4281,5281,0278,1278,2278,0277,1277,2277,0,0,0,0,0,0,0,0,0,0-0,0,0,0,0,0,0278,1278,2278,3281,4281,5281,0278,1278,2278,0277,1277,2277,0,0,0,0,0,0,0-0,0,0,0,0,0,3281,4281,5281,0278,1278,2278,3281,4281,5281,0278,1278,2278,0,0,0,0,0,0,0-0,0,0,0,0,0,0278,1278,2278,3281,4281,5281,0278,1278,2278,3281,4281,5281,0,0,0,0,0,0,0-0,0,0,0,0,0,3281,4281,5281,0278,1278,2278,3281,4281,5281,0278,1278,2278,0277,1277,2277,0,0,0,0-0,0,0,0,0,0,0278,1278,2278,3281,4281,5281,0278,1278,2278,3281,4281,5281,0278,1278,2278,0277,1277,2277,0-0,0,0,0,0,0,3281,4281,5281,0278,1278,2278,3281,4281,5281,0278,1278,2278,3281,4281,5281,0278,1278,2278,0277-0,0,0,0,0,0,0278,1278,2278,3281,4281,5281,0278,1278,2278,3281,4281,5281,0278,1278,2278,3281,4281,5281,0278-0,0,0,0,0,0,3281,4281,5281,0278,1278,2278,3281,4281,5281,0278,1278,2278,3281,4281,5281,0278,1278,2278,3281-0,0,0,0,0,0,0278,1278,2278,3281,4281,5281,0278,1278,2278,3281,4281,5281,0278,1278,2278,3281,4281,5281,0278-0,0,0,0,0,0,3281,4281,5281,0278,1278,2278,3281,4281,5281,0278,1278,2278,3281,4281,5281,0278,1278,2278,3281-0,0,0,0,0,0,0278,1278,2278,3281,4281,5281,0278,1278,2278,3281,4281,5281,0278,1278,2278,3281,4281,5281,0278-0,0,0,0,0,0,3281,4281,5281,0278,1278,2278,3281,4281,5281,0278,1278,2278,3281,4281,5281,0278,1278,2278,3281
false
-3
-1
kevin
</mapData>

















