<mapData>
0x-1
20,00,00,00,00,30,00,00,00,00,00,00,00,00,00,00,00,00,00,20,20,00,00,00,00-00,10,00,00,00,00,00,00,00,00,00,00,00,00,00,00,00,00,00,00,00,00,00,00,00-00,00,00,00,00,00,00,00,00,00,00,00,00,00,00,00,00,00,00,00,00,00,00,00,00-00,00,00,00,00,00,00,00,00,00,00,00,00,00,00,00,00,00,00,00,00,00,00,00,00-00,00,00,00,00,00,00,20,00,00,00,00,00,20,20,00,00,00,20,00,00,00,00,00,00-00,00,00,00,00,00,00,30,00,00,00,00,00,00,00,00,00,00,00,00,00,00,00,00,00-00,00,00,00,00,00,00,00,00,00,00,00,00,00,00,00,00,00,00,00,00,00,00,00,00-00,00,00,00,00,00,10,00,00,00,00,00,10,00,00,00,00,00,00,00,00,00,00,20,00-00,00,00,00,00,00,00,00,30,00,00,00,00,00,00,00,00,00,00,00,00,10,00,00,00-30,10,00,00,00,00,00,00,00,00,30,00,00,00,00,00,00,00,00,00,00,00,00,00,00-00,00,00,00,00,00,00,00,00,00,10,00,10,00,00,00,00,30,00,00,00,00,00,00,00-00,00,00,00,30,00,00,00,00,00,00,00,00,00,00,00,00,00,00,00,00,00,00,00,00-00,00,00,00,10,00,00,00,00,10,00,00,00,00,00,00,00,00,00,00,00,00,00,00,00-00,00,00,00,30,00,00,00,00,00,00,00,00,00,00,00,00,00,00,00,00,00,00,00,00-00,00,00,10,10,00,00,20,00,00,20,00,00,00,00,00,00,00,00,00,10,00,00,00,00-00,00,00,30,00,00,30,00,00,00,00,00,30,00,00,00,00,00,00,00,00,20,00,20,00-00,00,00,00,00,00,00,00,00,00,00,00,00,30,00,00,00,10,00,00,00,00,00,00,00-00,00,00,00,00,20,00,00,00,00,00,00,00,00,00,00,00,00,00,00,00,00,00,00,00-00,00,00,30,00,00,00,00,30,00,00,00,00,00,00,00,00,00,00,00,00,00,00,20,00-00,00,00,00,00,00,00,00,30,00,00,00,00,00,00,00,00,00,00,00,00,00,00,00,00-00,00,00,00,00,00,00,00,00,00,00,00,00,00,00,00,00,00,00,00,00,30,30,00,00-00,00,00,00,00,00,00,00,00,00,00,00,00,00,00,00,00,00,00,00,00,00,00,00,00-00,00,00,00,00,00,00,00,00,00,00,00,00,00,00,00,20,00,00,00,00,30,00,00,00-00,00,00,30,00,00,00,00,00,00,00,00,00,10,30,00,00,00,00,30,00,10,00,00,00-00,20,00,00,00,00,00,00,00,00,00,00,10,00,00,00,00,00,00,00,00,00,00,00,00
0,0,0,0,0,0,0,0,0,0,0,0,0,0,0,0,0,0,0,0,0,0,0,0,0-0,0,0,0,0,0,0,0,0,0,0,0,0,0,0,0,0,0,0,0,0,0,0,0,0-0,0,0,0,0,0,0,0,0,0,0,0,0,0,0,0,0,0,0,0,0,0,0,0,0-0,0,0,0,0,0,0,0,0,0,0,0,0,0,0,0,0,0,0,0,0,0,0,0,0-0,0,0,0,0,0,0,0,0,0,0,0,0,0,0,0,0,0,0,0,0,0,0,0,0-0,0,0,0,0,0,0,0,0,0,0,0,0,0,0,0,0,0,0,0,0,0,0,0,0-0,0,0,0,0,0,0,0,0,0,0,0,0,0,0,0,0,0,0,0,0,0,0,0,0-0,0,0,0,0,0,0,0,0,0,0,0,0,0,0,0,0,0,0,0,0,0,0,0,0-0,0,0,0,0,0,0,0,0,0,0,0,0,0,0,0,0,0,0,0,0,0,0,0,0-0,0,0,0,0,0,0,0,0,0,0,0,0,0,0,0,0,0,0,0,0,0,0,0,0-0,0,0,0,0,0,0,0,0,0,0,0,0,0,0,0,0,0,0,0,0,0,0,0,0-0,0,0,0,0,0,0,0,0,0,0,0,0,0,0,0,0,0,0,0,0,0,0,0,0-0,0,0,0,0,0,0,0,0,0,0,0,0,0,0,0,0,0,0,0,0,0,0,0,0-0,0,0,0,0,0,0,0,0,0,0,0,0,0,0,0,0,0,0,0,0,0,0,0,0-0,0,0,0,0,0,0,0,0,0,0,0,0,0,0,0,0,0,0,0,0,0,0,0,0-0,0,0,0,0,0,0,0,0,0,0,0,0,0,0,0,0,0,0,0,0,0,0,0,0-0,0,0,0,0,0,0,0,0,0,0,0,0,0,0,0,0,0,0,0,0,0,0,0,0-0,0,0,0,0,0,0,0,0,0,0,0,0,0,0,0,0,0,0,0,0,0,0,0,0277-0,0,0,0,0,0,0,0,0,0,0,0,0,0,0,0,0,0,0,0,0,0,0,0,0278-0,0,0,0,0,0,0,0,0,0,0,0,0,0,0,0,0,0,0,0,0,0,0,0,3281-0,0,0,0,0,0,0,0,0,0,0,0,0277,1277,2277,0,0,0,0277,1277,2277,0,0,0,0278-0277,1277,2277,0277,1277,2277,0,0,0,0277,1277,2277,0278,1278,2278,0277,1277,2277,0278,1278,2278,0277,1277,2277,3281-0278,1278,2278,0278,1278,2278,0277,1277,2277,0278,1278,2278,3281,4281,5281,0278,1278,2278,3281,4281,5281,0278,1278,2278,0278-3281,4281,5281,3281,4281,5281,0278,1278,2278,3281,4281,5281,0278,1278,2278,3281,4281,5281,0278,1278,2278,3281,4281,5281,3281-0278,1278,2278,0278,1278,2278,3281,4281,5281,0278,1278,2278,3281,4281,5281,0278,1278,2278,3281,4281,5281,0278,1278,2278,0278
false
0
-1
kevin
</mapData>

















