<mapData>
0x-2
00,30,00,00,00,00,00,00,00,00,00,30,00,00,00,00,10,00,00,00,00,10,00,00,00-00,00,00,00,30,00,00,00,00,00,00,00,00,00,59,69,69,69,69,69,69,69,69,79,00-00,00,00,00,00,00,00,00,00,00,00,00,10,00,510,411,611,611,611,611,611,611,311,710,00-00,10,00,00,00,00,00,10,00,00,00,00,00,00,510,710,00,00,10,00,00,00,510,710,30-00,00,00,00,00,20,00,00,00,00,00,00,00,00,510,710,00,00,00,00,00,10,510,710,00-00,10,20,00,00,00,00,00,00,00,00,00,00,30,510,710,00,00,00,00,10,00,510,710,30-00,00,00,00,00,00,00,00,00,00,00,00,00,00,510,710,00,00,00,10,00,00,510,710,00-00,00,00,00,00,00,00,30,59,69,69,69,69,69,310,410,69,69,69,69,69,69,310,710,00-00,00,20,00,00,00,00,00,510,411,611,611,611,611,311,411,611,611,611,611,611,611,311,710,20-00,00,00,00,00,00,00,00,510,710,00,00,30,00,510,710,10,00,20,00,00,00,510,710,00-69,69,69,69,69,69,69,69,310,710,00,00,00,00,510,410,69,79,00,00,00,00,510,710,00-611,611,611,611,611,611,611,611,311,710,00,10,00,00,510,610,610,710,00,00,00,10,510,710,00-00,00,00,00,00,10,00,00,510,710,00,00,00,00,510,411,611,711,00,00,00,00,510,710,00-00,00,00,00,00,00,00,00,510,410,69,69,69,69,310,710,00,00,00,00,30,20,510,710,00-00,00,00,00,00,00,00,00,511,611,611,611,611,611,311,710,00,00,00,00,00,00,510,710,00-00,00,00,00,00,00,00,00,20,00,00,00,00,00,510,710,00,00,00,00,10,00,510,710,00-00,00,00,00,00,00,30,00,00,00,10,00,00,30,510,710,00,30,00,00,20,00,510,710,00-00,00,00,00,00,00,00,00,00,20,00,00,00,00,510,410,69,69,69,69,69,69,310,710,00-00,00,30,00,00,00,00,00,00,00,00,00,00,00,511,611,611,611,611,611,611,611,611,711,00-00,00,00,20,00,00,00,00,00,00,00,00,00,00,00,00,00,00,00,00,00,00,00,00,00-00,00,00,00,00,00,00,00,00,00,00,00,00,00,00,00,00,00,00,00,00,00,00,00,00-00,00,00,00,00,00,00,00,30,00,00,00,00,00,00,00,00,00,00,00,00,00,00,00,00-00,00,00,00,00,00,00,00,00,00,00,00,00,00,00,00,00,00,00,00,00,00,00,00,00-00,00,00,00,00,00,00,00,00,00,10,00,00,00,00,00,00,00,00,00,00,00,00,00,00-00,00,00,00,00,00,00,20,00,00,00,00,00,00,20,00,00,00,00,00,00,00,00,00,00
0,0,0,0,0,0,0,0,0,0,0,0,0,0,0,0,0,0,0,0,0,0,0,0,0-0,0,0,0,0,0,0,0,0,0,0,0,0,0,0,0,0,0,0,0,0,0,0,0,0-0,0,0,0,0,0,0,0,0,0,0,0,0,0,0,0,0,0,0,0,0,0,0,0,0-0,0,0,0,0,0,0,0,0,0,0,0,0,0,0,0,0,054,154,254,354,454,0,0,0-0,0,0,0,0,0347,1347,2347,0347,1347,2347,0347,1347,2347,0,0,0,055,155,255,355,455,0,0,0-0,0,0,0,0,0348,1348,2348,0348,1348,2348,0348,1348,2348,0,0,0,056,156,256,356,456,0,0,0-0,0,0,0,0,0349,1349,2349,0349,1349,2349,0349,1349,2349,0,0,0,057,157,257,357,457,0,0,0-0,0,0347,1347,2347,0347,1347,2347,0,0,0,0,0,0,0,0,0,0,0,0,0,0,0,0,0-0,0,0348,1348,2348,0348,1348,2348,0,0,0,0,0,0,0,0,0,0,0,0,0,0,0,0,0-0,0,0349,1349,2349,0349,1349,2349,0,0,041,141,241,341,0,0,0,0,0,0,0,0,0,0,0-0,0,0,0,0,0,0,0,0,0,042,142,242,342,0,0,0,0,0,4253,5253,6253,0,0,0-0,0,0,0,0,0,0,0,0,0,043,143,243,343,0,0,0,0,0,4254,5254,6254,0,0,0-0,0,0347,1347,2347,0347,1347,2347,0,0,044,144,244,344,0,0,0,0,0,4255,5255,6255,0,0,0-0,0,0348,1348,2348,0348,1348,2348,0,0,0,0,0,0,0,0,0,0,0,0,0,0,0,0,0-0,0,0349,1349,2349,0349,1349,2349,0,0,0,0,0,0,0,0,0,0115,1115,2115,3115,4115,0,0,0-0,0,0,0,0,0347,1347,2347,0347,1347,2347,0347,1347,2347,0,0,0,0116,1116,2116,3116,4116,0,0,0-0,0,0,0,0,0348,1348,2348,0348,1348,2348,0348,1348,2348,0,0,0,0117,1117,2117,3117,4117,0,0,0-0,0,0,0,0,0349,1349,2349,0349,1349,2349,0349,1349,2349,0,0,0,0,0,0,0,0,0,0,0-0,0,0,0,0,0,0,0,0,0,0,0,0,0,0,0,0,0,0,0,0,0,0,0,0-0,0,0,0,0,0,0,0,0,0,0,0,0,0,0,0,0,0,0,0,0,0,0,0,0-0,0,0,0,0,0,0,0,0,0,0,0,0,0,0,0,0,0,0,0,0,0,0,0,0-0,0,0,0,0,0,0,0,0,0,0,0,0,0,0,0,0,0,0,0,0,0,0,0,0-0,0,0,0,0,0,0,0,0,0,0,0,0,0,0,0,0,0,0,0,0,0,0,0,0-0,0,0,0,0,0,0,0,0,0,0,0,0,0,0,0,0,0,0,0,0,0,0,0,0-0,0,0,0,0,0,0,0,0,0,0,0,0,0,0,0,0,0,0,0,0,0,0,0,0
false
0
-2
kevin
</mapData>

















