<mapData>
0x-3
00,00,00,00,00,00,00,00,00,20,00,00,00,00,00,00,00,00,00,00,00,00,00,00,30-00,00,30,00,00,00,00,30,30,00,30,00,10,00,00,00,00,00,00,00,00,10,00,00,00-00,20,00,00,00,00,00,00,00,00,00,00,00,00,00,10,00,00,00,00,00,00,00,00,00-30,00,00,00,00,00,00,00,00,00,00,00,00,00,10,00,00,00,00,00,00,00,10,00,00-00,00,00,00,00,00,00,00,10,00,00,00,00,00,00,00,00,00,00,20,00,00,00,00,00-00,00,00,00,00,00,00,00,10,00,00,00,00,00,00,00,00,00,10,00,00,00,00,00,00-00,00,00,00,00,00,00,10,00,00,00,00,00,00,00,00,00,30,00,00,00,00,00,00,00-00,00,00,00,30,00,30,00,00,00,00,00,00,00,00,00,00,00,00,00,00,00,00,00,00-00,00,00,00,30,00,00,20,30,00,00,00,00,00,00,00,00,00,00,00,00,00,00,00,00-00,00,00,00,30,00,10,00,00,00,10,00,00,00,00,00,00,00,00,00,00,00,00,00,00-00,00,00,20,00,00,00,00,00,00,20,00,00,00,00,00,00,00,00,00,00,00,00,00,00-00,00,00,00,00,00,00,00,00,20,00,00,00,00,00,00,00,10,00,00,00,00,00,00,00-00,00,30,00,00,00,00,00,00,00,00,00,20,00,00,00,00,00,00,00,00,00,00,00,00-00,30,00,00,00,00,00,00,00,00,00,00,00,00,00,00,00,00,00,00,00,00,00,00,00-00,00,00,00,00,00,00,00,00,00,00,00,00,00,00,00,00,00,20,00,00,00,00,00,00-30,00,30,00,30,00,00,00,10,00,00,00,00,00,00,00,00,00,00,00,10,00,20,00,00-30,00,00,00,10,00,00,00,00,00,00,00,00,00,00,00,00,00,00,00,00,00,20,00,00-00,00,00,00,00,00,00,00,00,00,00,00,00,00,00,00,00,10,00,00,00,00,00,00,00-00,00,00,00,00,00,00,00,30,00,00,00,00,00,00,00,00,00,00,00,10,00,00,00,00-00,00,30,00,00,00,00,00,00,00,00,00,00,00,00,00,00,00,00,30,00,00,00,00,00-00,00,00,00,00,00,00,00,00,00,00,00,00,00,00,00,00,00,00,30,00,00,00,00,00-00,00,00,00,00,00,00,00,00,00,00,00,00,00,00,00,00,00,00,00,00,00,00,00,00-00,00,00,00,00,00,00,00,00,00,00,00,00,30,00,00,00,10,00,00,00,00,00,00,00-00,00,00,00,00,00,00,30,00,00,00,00,00,00,00,20,00,00,00,10,00,00,10,00,00-00,00,00,00,00,00,30,00,00,00,00,00,00,00,00,00,00,00,00,30,00,00,00,00,00
75,55,65,75,55,65,75,55,65,75,55,65,75,55,65,75,55,65,75,55,65,75,55,65,75-76,56,66,76,56,66,76,56,66,76,56,66,76,56,66,76,56,66,76,56,66,76,56,66,76-75,55,65,75,55,65,75,55,65,75,55,65,75,55,65,75,55,65,75,55,65,75,55,65,75-76,56,66,76,56,66,76,56,66,76,56,66,76,56,66,76,56,66,76,56,66,76,56,66,76-75,55,65,75,55,65,75,55,65,75,55,65,75,55,65,75,55,65,75,55,65,75,55,65,75-76,56,66,76,56,66,76,56,66,76,56,66,76,56,66,76,56,66,76,56,66,76,56,66,76-75,55,65,75,55,65,75,55,65,75,55,65,75,55,65,75,55,65,75,55,65,75,55,65,75-76,56,66,76,56,66,76,56,66,76,56,66,76,56,66,76,56,66,76,56,66,76,56,66,76-75,55,65,75,55,65,75,55,65,75,55,65,75,55,65,75,55,65,75,57,67,77,57,67,77-76,56,66,76,56,66,76,56,66,76,56,66,76,56,66,76,56,66,76,58,68,78,58,68,78-77,55,65,75,55,65,75,55,65,75,55,65,75,55,65,75,57,67,77,0,0,0,0,0,0-78,56,66,76,56,66,76,56,66,76,56,66,76,56,66,76,58,68,78,0,0,0,0,0,0-0,57,67,77,55,65,75,55,65,75,55,65,75,57,67,77,0,0,0,0,0,0,0,0,0-0,58,68,78,56,66,76,56,66,76,56,66,76,58,68,78,0,0,0,0,0,0,0,0,0-0,0,0,0,57,67,77,57,67,77,57,67,77,0,0,0,0,0,0,0,0,0,0,0,0-0,0,0,0,58,68,78,58,68,78,58,68,78,0,0,0,0,0,0,0,0,0,0,0,0-0,0,0,0,0,0,0,0,0,0,0,0,0,0,0,0,0,0,0,0,0,0,0,0,0-0,0,0,0,0,0,0,0,0,0,0,0,0,0,0,0,0,0,0,0,0,0,0,0,0-0,0,0,0,0,0,0,0,0,0,0,0,0,0,0,0,0,0,0,0,0,0,0,0,0-0,0,0,0,0,0,0,0,0,0,0,0,0,0,0,0,0,0,0,0,0,0,0,0,0-0,0,0,0,0,0,0,0,0,0,0,0,0,0,0,0,0,0,0,0,0,0,0,0,0-0,0,0,0,0,0,0,0,0,0,0,0,0,0,0,0,0,0,0,0,0,0,0,0,0-0,0,0,0,0,0,0,0,0,0,0,0,0,0,0,0,0,0,0,0,0,0,0,0,0-0,0,0,0,0,0,0,0,0,0,0,0,0,0,0,0,0,0,0,0,0,0,0,0,0-0,0,0,0,0,0,0,0,0,0,0,0,0,0,0,0,0,0,0,0,0,0,0,0,0
false
0
-3
kevin
</mapData>

















