<mapData>
0x0
00,00,00,30,00,00,00,00,00,00,00,00,00,30,00,00,00,00,10,00,00,00,00,00,00-00,00,00,00,00,00,00,00,20,00,00,00,00,00,00,00,00,00,00,00,00,00,00,00,00-00,00,00,00,00,00,00,00,00,00,00,00,00,30,00,00,00,00,00,00,00,00,00,00,00-00,00,00,00,10,00,00,00,00,20,00,10,00,00,00,00,00,00,00,00,00,00,00,10,00-00,00,00,00,00,00,00,00,00,00,00,00,00,00,30,00,00,00,00,00,00,10,00,00,00-00,00,00,00,00,00,10,00,00,00,00,00,00,00,00,00,00,00,00,00,00,00,00,00,00-00,00,00,00,00,00,00,00,00,00,00,00,00,00,10,00,00,00,00,00,00,00,00,00,00-00,00,00,00,00,00,00,00,00,00,00,00,00,00,30,00,00,00,20,00,00,00,00,00,00-00,00,00,00,00,00,30,00,00,00,00,20,00,00,00,00,00,10,00,00,00,00,00,00,00-00,00,20,00,00,00,00,00,00,00,00,00,00,00,00,00,00,00,00,00,00,00,00,00,10-00,00,00,00,20,00,00,00,00,00,00,00,00,10,00,00,00,10,00,00,00,00,00,00,00-00,00,00,00,00,00,00,00,00,00,00,10,00,00,00,00,00,00,00,10,00,00,00,00,00-00,00,00,20,00,00,00,00,00,00,00,00,00,00,30,20,00,00,00,00,10,00,00,00,30-00,00,00,00,00,00,00,00,00,00,00,00,00,00,10,00,00,10,00,00,00,00,00,20,00-00,00,00,00,00,00,00,00,00,00,00,00,00,00,00,00,00,00,00,00,00,00,00,00,00-00,00,00,00,00,00,00,00,00,00,30,10,00,00,00,00,00,00,20,00,00,00,00,00,00-00,00,00,00,00,00,00,10,00,00,00,00,00,00,00,00,00,00,00,00,00,30,00,00,00-00,00,30,00,00,00,00,00,00,00,00,00,00,00,00,00,00,00,00,00,00,00,00,00,00-00,00,00,00,30,00,00,00,00,00,00,00,00,00,00,30,00,00,00,00,00,00,00,00,00-00,30,00,00,00,00,00,00,20,00,00,00,00,00,00,00,00,00,00,00,30,00,00,00,00-00,00,00,00,00,00,00,00,00,00,10,30,00,00,00,00,00,00,00,00,00,00,00,00,00-00,00,01,00,00,00,10,00,30,01,00,01,01,00,00,00,20,00,00,00,30,00,00,00,00-00,01,01,00,01,00,00,01,00,00,01,00,01,00,01,10,01,00,00,00,30,00,00,00,00-00,00,00,00,01,30,00,00,00,30,00,00,00,00,00,00,00,30,01,00,01,01,00,01,00-00,00,00,00,00,00,30,00,00,00,00,00,00,00,00,00,00,00,00,01,01,01,01,00,01
0,0,0,0,0,0,0,0,0,0,0,0,0,0,0,0,0,0,0,0,0,0,0,0,0-0,0,0,0,0,0,0,0,0,0,0,0,0,0,0,0,0,0,0,0,0,0,0,0,0-0,0,0,0,0,0,0,0,0,0,0,0,0,0,0,0,0,0,0,0,0,0,0,0,0-0,0,0,0,0,0,0,0,0,0,0,0,0,0,0,0,0,0,0,0,0,0,0,0,0-0,0,0,0,0,0,0,0,0,0,0,0,0,0277,1277,2277,0,0,0,0,0,0,0,0,0-0,0,0,0,0,0,0,0,0,0,0,0,0,0278,1278,2278,0,0,0,0,0,0,0,0,0-0,0,0,0,0,0,0,0,0,0,0,0,0,0279,1279,2279,0,0,0,0,0,0,0,0,0-0,0,0,0,0,0,0,0,0,0,0,0,0,0280,1280,2280,0,0,0,0,0,0,0,0,0-0,0,0,0,0,0,0,0,0,0,0,0,0,0,0,0,0,0,0,0,0,0,0,0,0-0,0,0,0,0,0,0,0,0,0,0,0,0,0,0,0,0,0,0,0,0,0,0,0,0-0,0,0,0,0,0,0,0,0,0,0,0,0,0,0,0,0,0,0,0,0,0,0,0,0-0,0,0,0,0,0,0,0,0,0,0,0,0,0,0,0,0,0,0,0,0,0,0,0,0-0,0,0,0,0277,1277,2277,0,0,0,0,0,0,0,0,0,0,0,0,0,0,0,0,0,0-0,0277,1277,2277,0278,1278,2278,0277,1277,2277,0,0,0,0,0,0,0,0,0,0,0,0,0,0,0-0,0278,1278,2278,3281,4281,5281,0278,1278,2278,0,0,0,0277,1277,2277,0277,1277,2277,0,0,0,0,0,0-0,3281,4281,5281,0278,1278,2278,3281,4281,5281,0277,1277,2277,0278,1278,2278,0278,1278,2278,0,0,0,0277,1277,2277-0,0278,1278,2278,3281,4281,5281,0278,1278,2278,0278,1278,2278,3281,4281,5281,3281,4281,5281,0,0,0,0278,1278,2278-2277,3281,4281,5281,0278,1278,2278,3281,4281,5281,3281,4281,5281,0278,1278,2278,0278,1278,2278,0277,1277,2277,3281,4281,5281-2278,0278,1278,2278,3281,4281,5281,0278,1278,2278,0278,1278,2278,3281,4281,5281,3281,4281,5281,0278,1278,2278,0278,1278,2278-5281,0279,1279,2279,0278,1278,2278,0279,1279,2279,0279,1279,2279,0278,1278,2278,0278,1278,2278,3281,4281,5281,3281,4281,5281-2278,0280,1280,2280,0279,1279,2279,0280,1280,2280,0280,1280,2280,0279,1279,2279,0279,1279,2279,0278,1278,2278,0278,1278,2278-5281,0,0,0,0280,1280,2280,0,0,0,0,0,0,0280,1280,2280,0280,1280,2280,0279,1279,2279,0279,1279,2279-2278,0,0,0,0,0,0,0,6279,6279,0,6279,0,0,0,0,0,0,0,0280,1280,2280,0280,1280,2280-5281,0,0,0,0,0,6279,6279,6280,6280,6279,6280,6279,6279,6279,6279,6279,6279,0,0,0,0,0,0,0-2278,0,0,0,0,0,6280,6280,6280,6280,6280,6280,6280,6280,6280,6280,6280,6280,0,0,0,0,0,0,0
false
0
0
</mapData>







