<mapData>
10x0
00,00,00,10,00,00,00,00,20,00,00,00,00,00,00,00,00,00,00,00,00,00,00,00,00-00,00,00,00,20,00,00,00,00,00,00,00,00,00,00,00,00,00,00,00,00,00,00,00,00-00,00,00,00,00,00,20,00,00,00,00,00,00,00,00,00,00,00,00,00,00,00,00,00,00-00,00,00,00,00,00,00,00,00,00,00,00,30,00,00,00,00,00,30,00,00,00,00,00,00-00,00,00,00,00,00,00,00,00,00,00,30,00,00,00,00,00,00,00,00,00,00,00,00,00-00,00,00,10,10,20,00,00,00,00,00,30,00,00,00,00,00,10,00,00,00,00,00,00,00-30,00,00,00,00,00,00,00,00,00,00,00,00,00,00,00,00,00,00,00,00,00,00,00,00-00,00,00,00,00,00,00,00,00,00,00,00,00,20,00,00,00,00,00,00,00,00,00,00,10-00,00,00,00,10,00,00,00,00,00,00,00,00,00,00,00,00,00,00,00,00,00,00,00,00-00,00,00,00,10,00,00,00,00,00,00,10,30,00,00,00,00,00,00,00,00,00,00,00,00-00,00,00,00,00,00,00,00,00,00,00,00,00,00,00,00,30,00,00,00,00,00,00,00,00-00,00,30,00,00,00,00,30,00,00,00,00,00,00,00,00,00,00,00,00,20,00,00,00,00-00,00,00,00,00,00,00,00,00,00,00,00,00,00,00,00,00,00,00,00,00,00,00,00,00-00,00,20,00,00,00,00,00,00,00,00,00,00,00,00,00,30,00,00,00,00,00,00,00,00-00,00,00,00,00,00,00,00,00,00,00,00,00,00,00,00,00,10,00,00,00,00,00,20,00-00,00,00,00,00,00,00,00,00,00,00,00,00,00,00,00,00,00,00,00,00,00,00,00,00-00,00,20,00,00,00,00,00,00,00,00,20,00,00,00,00,00,20,00,00,00,00,00,00,20-00,00,00,20,00,00,00,00,00,00,30,00,00,00,00,00,00,00,00,00,10,00,20,00,00-00,00,00,00,00,00,00,00,00,30,00,00,00,00,00,10,00,00,00,00,00,00,00,00,00-00,00,00,00,00,00,00,00,00,00,00,00,00,00,00,00,00,00,00,00,00,00,00,00,20-00,00,00,00,00,00,00,00,00,00,00,00,00,00,00,00,00,00,00,20,00,00,30,00,00-20,20,00,00,20,00,00,00,00,00,20,00,10,00,00,00,00,00,00,10,00,00,00,00,00-10,00,00,00,00,00,00,00,00,10,00,00,00,00,00,00,00,00,00,00,00,00,00,00,00-00,00,00,00,00,00,00,00,00,00,00,00,00,00,20,00,00,00,00,00,00,00,00,00,00-00,00,00,00,00,00,10,00,00,00,20,00,00,00,00,00,00,00,00,00,00,00,00,00,00
0,0,0,0,0,0,0,0,0,0,0,527,627,627,627,627,627,627,627,627,627,627,627,627,627-0,0,0,0,0,0,0,0,0,0,0,527,627,627,627,627,627,627,627,627,627,627,627,627,627-0,0,0,0,0,0,0,0,0,0,0,527,627,627,627,627,627,627,627,627,627,627,627,627,627-0,0,0,0,0,0,0,0,0,0,0,527,627,627,627,627,627,627,627,627,627,627,627,627,627-0,0,0,0,0,0,0,0,0,0,0,527,627,627,627,627,627,627,627,627,627,627,627,627,627-0,0,0,0,0,0,0,0,0,0,0,527,627,627,627,627,627,627,627,627,627,627,627,627,627-0,0,0,0,0,0,0,0,0,0,0,528,630,627,627,627,627,627,627,627,627,627,627,627,627-0,0,0,0,0,0,0,0,0,0,0,0,527,627,627,627,627,627,627,627,627,627,627,627,627-0,0,0,0,0,0,0,0,0,0,0,0,527,627,627,627,627,627,627,627,627,627,627,627,627-0,0,0,0,0,0,0,0,0,0,0,0,527,627,627,627,627,627,627,627,627,627,627,627,627-0,0,0,0,0,0,0,0,0,0,0,0,528,630,627,627,627,627,627,627,627,627,627,627,627-0,0,0,0,0,0,0,0,0,0,0,0,0,527,627,627,627,627,627,627,627,627,627,627,627-0,0,0,0,0,0,0,0,0,0,0,0,0,527,627,627,627,627,627,627,627,627,627,627,627-0,0,0,0,0,0,0,0,0,0,0,0,0,527,627,627,627,627,627,627,627,627,627,627,627-0,0,0,0,0,0,0,0,0,0,0,0,0,527,627,627,627,627,627,627,627,627,627,627,627-0,0,0,0,0,0,0,0,0,0,0,0,0,527,627,627,627,627,627,627,627,627,627,627,627-0,0,0,0,0,0,0,0,0,0,0,0,0,527,627,627,627,627,627,627,627,627,627,627,627-0,0,0,0,0,0,0,0,0,0,0,0,0,528,630,627,627,627,627,627,627,627,627,627,627-0,0,0,0,0,0,0,0,0,0,0,0,0,0,527,627,627,627,627,627,627,627,627,627,627-0,0,0,0,0,0,0,0,0,0,0,0,0,0,527,627,627,627,627,627,627,627,627,627,627-0,0,0,0,0,0,0,0,0,0,0,0,0,0,527,627,627,627,627,627,627,627,627,627,627-0,0,0,0,0,0,0,0,0,0,0,0,0,0,527,627,627,627,627,627,627,627,627,627,627-0,0,0,0,0,0,0,0,0,0,0,0,0,0,527,627,627,627,627,627,627,627,627,627,627-0,0,0,0,0,0,0,0,0,0,0,0,0,0,527,627,627,627,627,627,627,627,627,627,627-0,0,0,0,0,0,0,0,0,0,0,0,0,0,527,627,627,627,627,627,627,627,627,627,627
false
10
0
kevin
</mapData>

















