<mapData>
10x1
00,00,00,00,00,00,00,00,00,00,00,00,00,00,00,00,00,00,00,10,00,00,00,00,00-00,00,00,00,00,20,00,00,00,00,00,00,00,00,00,30,10,00,00,00,00,00,00,00,00-00,00,00,00,00,00,00,00,00,00,00,00,10,00,00,00,00,00,00,30,00,00,00,00,00-00,00,00,00,00,00,00,00,00,00,20,00,00,00,00,00,00,00,00,00,00,00,20,00,00-00,00,20,00,00,00,00,00,00,00,00,00,00,00,00,00,00,00,00,00,00,00,00,00,00-00,00,00,00,00,30,00,00,00,00,00,00,00,30,00,00,00,00,00,00,00,00,00,00,00-00,00,00,00,00,00,00,20,00,00,00,00,00,10,00,00,20,00,00,00,00,30,00,00,00-00,00,00,00,00,20,00,00,00,00,00,00,00,00,00,00,20,00,00,00,00,00,00,00,00-00,00,00,00,00,00,00,00,00,00,00,00,00,00,00,00,00,00,00,00,00,30,00,00,00-30,00,00,00,00,00,00,00,00,00,00,00,00,00,00,00,00,00,00,00,00,00,00,00,20-30,00,00,00,00,00,00,00,00,00,00,00,00,10,00,00,00,00,00,00,00,00,00,00,20-00,00,00,00,20,00,00,00,00,00,00,00,00,00,00,00,00,00,00,00,00,00,00,00,00-00,00,00,00,00,00,00,00,00,00,00,00,00,00,00,00,00,00,00,20,00,00,00,00,00-00,00,00,00,00,00,00,00,00,00,00,00,00,00,00,00,00,00,00,00,10,00,00,00,00-00,00,00,00,00,00,00,00,00,00,30,00,00,20,00,00,00,00,00,00,00,00,00,00,00-30,00,00,00,00,00,00,00,00,00,00,00,00,00,00,00,00,00,00,00,00,00,00,00,00-00,00,00,00,00,00,00,00,00,00,00,00,00,10,00,00,00,00,00,00,00,00,00,00,00-00,00,00,00,00,00,00,20,00,00,00,00,00,00,00,10,00,00,00,00,00,00,00,00,00-00,00,00,00,00,00,00,00,10,00,00,00,00,00,00,00,00,10,00,00,00,00,00,00,00-00,00,00,00,00,00,10,00,00,00,00,00,00,00,00,00,00,00,00,00,00,00,00,00,00-00,00,00,00,00,00,00,00,00,00,00,00,00,00,00,00,20,00,00,00,30,00,00,00,00-00,00,00,30,00,00,00,00,00,00,00,00,00,00,00,00,00,00,20,00,00,00,30,00,00-00,00,10,00,00,00,00,00,00,00,00,00,00,00,00,00,00,30,00,00,00,00,00,00,00-10,00,00,00,00,00,20,00,00,00,00,00,00,00,00,00,30,00,00,00,00,00,00,00,00-00,00,00,00,00,00,00,00,00,00,00,00,00,00,00,00,00,00,00,00,00,20,00,00,00
0,0,0,0,0,0,0,0,0,0,0,0,0,0,527,627,627,627,627,627,627,627,627,627,627-0,0,0,320,320,320,0,0,0,0,0,0,0,0,527,627,627,627,627,627,627,627,627,627,627-0,0,320,321,321,321,320,320,0,0,0,0,320,0,527,627,627,627,627,627,627,627,627,627,627-0,0,321,322,322,322,321,321,0,0,0,0,321,0,527,627,627,627,627,627,627,627,627,627,627-0,0,322,322,322,322,322,322,0,0,0,320,322,0,527,627,627,627,627,627,627,627,627,627,627-0,0,322,322,322,322,322,322,0,320,320,321,322,0,527,627,627,627,627,627,627,627,627,627,627-0,0,322,322,322,322,322,322,0,321,321,322,322,0,527,627,627,627,627,627,627,627,627,627,627-0,0,422,422,322,322,322,422,0,322,322,322,322,526,629,627,627,627,627,627,627,627,627,627,627-0,0,0,0,422,422,322,0,0,322,322,322,322,527,627,627,627,627,627,627,627,627,627,627,627-320,0,0,0,0,0,422,0,320,322,322,322,322,527,627,627,627,627,627,627,627,627,627,627,627-321,0,320,320,0,0,0,0,321,322,322,322,322,527,627,627,627,627,627,627,627,627,627,627,627-322,0,321,321,320,0,0,320,322,322,322,322,322,527,627,627,627,627,627,627,627,627,627,627,627-322,0,322,322,321,0,0,321,322,322,322,322,322,527,627,627,627,627,627,627,627,627,627,627,627-322,0,322,322,322,0,0,322,322,322,322,322,526,629,627,627,627,627,627,627,627,627,627,627,627-322,0,322,322,322,0,320,322,322,322,322,322,527,627,627,627,627,627,627,627,627,627,627,627,627-422,0,322,322,322,0,321,322,322,322,322,322,527,627,627,627,627,627,627,627,627,627,627,627,627-0,0,422,422,322,0,322,322,322,322,322,322,527,627,627,627,627,627,627,627,627,627,627,627,627-0,0,0,0,422,0,322,322,322,322,322,322,527,627,627,627,627,627,627,627,627,627,627,627,627-0,0,0,0,0,0,422,322,322,322,322,322,527,627,627,627,627,627,627,627,627,627,627,627,627-0,0,0,0,0,0,0,322,322,322,322,422,527,627,627,627,627,627,627,627,627,627,627,627,627-0,0,0,0,0,0,0,422,322,322,322,0,527,627,627,627,627,627,627,627,627,627,627,627,627-0,0,0,0,0,0,0,0,422,322,322,320,528,630,627,627,627,627,627,627,627,627,627,627,627-0,0,0,0,0,0,0,0,0,422,322,321,322,527,627,627,627,627,627,627,627,627,627,627,627-0,0,0,0,0,0,0,0,0,0,322,322,322,527,627,627,627,627,627,627,627,627,627,627,627-0,0,0,0,0,0,0,0,0,0,322,322,322,527,627,627,627,627,627,627,627,627,627,627,627
false
10
1
kevin
</mapData>

















