<mapData>
10x3
00,00,00,00,00,00,00,00,00,00,00,00,10,00,20,00,30,00,00,00,00,00,00,00,00-00,00,30,00,00,00,00,10,00,00,00,00,00,00,00,30,00,00,00,00,00,00,00,00,00-00,10,00,00,00,00,00,00,00,00,00,00,00,00,00,00,00,00,10,00,00,00,10,00,00-00,00,00,00,00,00,00,00,00,00,00,00,00,00,00,00,30,10,00,00,00,00,00,00,00-00,30,10,00,00,20,00,00,00,00,00,00,00,00,00,00,00,00,00,00,00,00,00,00,30-00,00,00,00,00,00,00,00,00,00,00,00,00,00,00,00,00,00,00,00,00,00,00,00,00-00,00,20,00,00,00,00,00,00,00,00,00,00,00,00,00,00,00,00,00,00,00,00,00,00-00,00,00,00,00,00,00,00,00,10,00,00,00,00,00,00,00,00,00,00,00,00,00,00,30-00,00,00,00,10,00,00,30,00,00,00,00,00,00,00,00,00,00,00,00,00,00,00,00,00-00,10,00,00,00,00,00,00,00,00,00,00,10,00,00,00,00,00,00,00,00,00,00,00,00-00,30,00,00,00,00,00,00,00,00,00,00,00,00,00,00,00,30,00,00,00,00,30,00,00-00,00,00,00,30,00,00,10,00,00,00,00,00,00,30,00,00,00,00,00,00,00,00,00,00-00,00,00,00,00,00,00,00,00,00,00,00,00,00,00,00,00,00,00,00,00,00,00,00,00-00,00,00,20,00,00,30,00,00,00,00,00,00,00,00,00,00,00,00,00,20,00,00,00,00-00,00,00,10,00,00,00,00,00,00,00,00,00,00,00,00,00,00,00,00,00,00,30,00,00-00,30,00,00,00,00,00,00,00,00,00,00,00,00,00,00,00,00,00,00,00,00,00,00,00-00,00,10,00,00,00,00,00,00,00,20,00,00,00,00,00,00,00,00,00,00,00,00,00,00-00,00,00,00,00,00,00,00,20,00,00,00,00,00,00,00,00,00,30,00,20,00,00,00,00-00,00,20,20,00,00,00,00,00,00,00,00,00,00,00,00,00,00,00,00,00,00,00,00,00-00,00,00,20,00,00,30,00,00,00,00,00,10,00,00,00,00,00,00,00,00,00,00,00,00-00,20,00,00,00,00,10,00,00,00,00,00,00,00,00,00,00,00,00,00,00,00,00,00,00-30,00,00,30,00,00,00,00,00,00,00,00,00,00,00,20,00,00,00,00,00,00,00,30,00-00,30,00,00,00,00,00,30,00,00,00,00,00,00,00,00,00,00,00,00,00,20,00,00,00-00,00,00,00,00,00,00,00,00,00,00,00,00,00,00,00,00,00,00,00,00,00,20,00,00-00,00,00,00,00,00,00,00,00,00,20,00,00,00,00,00,00,00,00,00,00,00,00,00,00
61,71,61,71,62,72,61,71,61,71,0,527,627,627,627,627,627,627,627,627,627,627,627,627,627-42,52,42,52,61,71,42,52,42,52,0,527,627,627,627,627,627,627,627,627,627,627,627,627,627-0,0,0,0,42,52,0,0,0,0,0,527,627,627,627,627,627,627,627,627,627,627,627,627,627-0,0,0,0,0,0,0,0,0,0,0,527,627,627,627,627,627,627,627,627,627,627,627,627,627-0,0,0,0,0,0,0,0,0,0,0,527,627,627,627,627,627,627,627,627,627,627,627,627,627-0,0,0,0,0,0,0,0,0,0,0,527,627,627,627,627,627,627,627,627,627,627,627,627,627-0,0,0,0,0,0,0,0,0,0,0,527,627,627,627,627,627,627,627,627,627,627,627,627,627-0,0,0,0,0,0,0,0,0,0,0,527,627,627,627,627,627,627,627,627,627,627,627,627,627-0,0,0,0,0,0,0,0,0,0,0,527,627,627,627,627,627,627,627,627,627,627,627,627,627-0,0,0,0,0,0,0,0,0,0,0,527,627,627,627,627,627,627,627,627,627,627,627,627,627-0,0,0,0,0,0,0,0,0,0,0,527,627,627,627,627,627,627,627,627,627,627,627,627,627-0,0,0,0,0,0,0,0,0,0,0,527,627,627,627,627,627,627,627,627,627,627,627,627,627-0,0,0,0,0,0,0,0,0,0,0,527,627,627,627,627,627,627,627,627,627,627,627,627,627-0,0,0,0,0,0,0,0,0,0,0,527,627,627,627,627,627,627,627,627,627,627,627,627,627-0,0,0,0,0,0,0,0,0,0,526,627,627,627,627,627,627,627,627,627,627,627,627,627,627-0,0,0,0,0,0,0,0,0,0,527,627,627,627,627,627,627,627,627,627,627,627,627,627,627-0,0,0,0,0,0,0,0,0,0,527,627,627,627,627,627,627,627,627,627,627,627,627,627,627-0,0,0,0,0,0,0,0,0,0,527,627,627,627,627,627,627,627,627,627,627,627,627,627,627-0,0,0,0,0,0,0,0,0,0,527,627,627,627,627,627,627,627,627,627,627,627,627,627,627-0,0,0,0,0,0,0,0,0,0,527,627,627,627,627,627,627,627,627,627,627,627,627,627,627-0,0,0,0,0,0,0,0,0,0,527,627,627,627,627,627,627,627,627,627,627,627,627,627,627-0,0,0,0,0,0,0,0,0,0,527,627,627,627,627,627,627,627,627,627,627,627,627,627,627-0,0,0,0,0,0,0,0,0,0,527,627,627,627,627,627,627,627,627,627,627,627,627,627,627-0,0,0,0,0,0,0,0,0,0,527,627,627,627,627,627,627,627,627,627,627,627,627,627,627-0,0,0,0,0,0,0,0,0,0,527,627,627,627,627,627,627,627,627,627,627,627,627,627,627
false
10
3
kevin
</mapData>

















