<mapData>
10x7
10,00,00,00,00,00,00,00,00,00,00,00,00,00,00,00,00,00,00,00,00,00,00,00,00-00,00,00,00,00,00,00,00,00,00,00,10,00,00,00,00,00,00,10,00,00,00,00,00,00-00,00,00,00,00,00,00,00,00,00,00,00,00,00,00,20,00,20,00,00,00,00,00,20,00-00,00,00,00,00,00,00,20,00,00,00,00,00,00,00,00,00,00,00,00,00,00,00,00,00-00,00,00,00,00,00,00,00,00,10,00,00,00,00,00,00,00,00,10,00,00,00,00,00,00-30,00,00,00,30,00,00,10,30,00,00,00,00,00,00,30,20,00,00,00,30,00,10,00,00-00,00,00,00,00,30,00,00,00,00,00,00,00,00,00,00,00,00,00,00,00,30,10,00,00-00,00,00,20,00,00,00,00,00,00,20,00,10,00,00,00,30,00,00,00,00,00,00,00,00-00,00,00,00,10,30,00,00,30,00,00,00,10,00,00,00,10,00,00,00,00,30,00,00,00-00,10,00,00,00,00,00,00,10,00,00,00,00,30,00,00,00,00,00,00,00,00,00,10,00-30,00,00,00,00,00,00,00,10,00,10,00,00,00,00,00,00,00,00,00,00,00,00,00,00-00,00,00,00,00,00,00,00,00,00,00,00,00,00,00,00,00,10,00,00,00,20,00,00,00-00,00,00,00,00,00,00,00,00,00,00,00,00,00,00,00,00,00,00,00,00,00,00,00,00-00,00,00,00,10,00,20,00,30,00,00,00,00,00,00,00,00,00,20,00,00,00,00,00,00-00,10,00,00,00,30,00,10,00,00,00,00,00,00,00,00,00,00,00,00,00,00,00,00,00-00,00,10,00,00,00,00,00,00,00,00,00,00,00,00,00,00,00,00,00,00,00,10,00,00-00,20,00,00,00,00,30,00,00,00,00,00,30,00,00,00,00,00,00,10,20,00,00,00,00-00,00,00,00,10,00,00,00,00,00,00,00,00,00,00,00,00,20,00,00,00,00,00,00,00-00,00,00,00,00,00,00,00,00,00,00,00,00,00,30,00,00,00,00,00,00,00,00,00,00-00,00,00,00,00,00,00,00,00,00,00,00,00,20,00,00,00,00,00,00,00,30,00,00,00-00,00,00,00,00,00,00,00,00,00,00,00,00,00,00,00,30,00,00,00,00,00,30,00,00-10,00,00,10,00,00,00,00,00,00,00,00,00,00,00,20,00,00,00,00,00,00,00,00,00-00,00,00,00,00,00,00,00,20,00,00,00,00,00,00,00,00,00,00,00,00,00,00,00,00-00,00,00,20,00,10,20,00,00,00,00,00,00,00,30,00,10,00,00,00,00,00,00,00,00-00,00,00,00,00,00,00,00,00,00,00,00,00,00,00,00,00,10,00,00,00,00,00,00,00
627,627,627,627,627,627,627,627,627,627,627,627,627,627,627,627,627,627,627,627,627,627,627,627,627-627,627,627,627,627,627,627,627,627,627,627,627,627,627,627,627,627,627,627,627,627,627,627,627,627-627,627,627,627,627,627,627,627,627,627,627,627,627,627,627,627,627,627,627,627,627,627,627,627,627-627,627,627,627,627,627,627,627,627,627,627,627,627,627,627,627,627,627,627,627,627,627,627,627,627-627,627,627,627,627,627,627,627,627,627,627,627,627,627,627,627,627,627,627,627,627,627,627,627,627-627,627,627,627,627,627,627,627,627,627,627,627,627,627,627,627,627,627,627,627,627,627,627,627,627-627,627,627,627,627,627,627,627,627,627,627,627,627,627,627,627,627,627,627,627,627,627,627,627,627-627,627,627,627,627,627,627,627,627,627,627,627,627,627,627,627,627,627,627,627,627,627,627,627,627-627,627,627,627,627,627,627,627,627,627,627,627,627,627,627,627,627,627,627,627,627,627,627,627,627-627,627,627,627,627,627,627,627,627,627,627,627,627,627,627,627,627,627,627,627,627,627,627,627,627-627,627,627,627,627,627,627,627,627,627,627,627,627,627,627,627,627,627,627,627,627,627,627,627,627-627,627,627,627,627,627,627,627,627,627,627,627,627,627,627,627,627,627,627,627,627,627,627,627,627-627,627,627,627,627,627,627,627,627,627,627,627,627,627,627,627,627,627,627,627,627,627,627,627,627-627,627,627,627,627,627,627,627,627,627,627,627,627,627,627,627,627,627,627,627,627,627,627,627,627-627,627,627,627,627,627,627,627,627,627,627,627,627,627,627,627,627,627,627,627,627,627,627,627,627-627,627,627,627,627,627,627,627,627,627,627,627,627,627,627,627,627,627,627,627,627,627,627,627,627-627,627,627,627,627,627,627,627,627,627,627,627,627,627,627,627,627,627,627,627,627,627,627,627,627-627,627,627,627,627,627,627,627,627,627,627,627,627,627,627,627,627,627,627,627,627,627,627,627,627-627,627,627,627,627,627,627,627,627,627,627,627,627,627,627,627,627,627,627,627,627,627,627,627,627-627,627,627,627,627,627,627,627,627,627,627,627,627,627,627,627,627,627,627,627,627,627,627,627,627-627,627,627,627,627,627,627,627,627,627,627,627,627,627,627,627,627,627,627,627,627,627,627,627,627-627,627,627,627,627,627,627,627,627,627,627,627,627,627,627,627,627,627,627,627,627,627,627,627,627-627,627,627,627,627,627,627,627,627,627,627,627,627,627,627,627,627,627,627,627,627,627,627,627,627-627,627,627,627,627,627,627,627,627,627,627,627,627,627,627,627,627,627,627,627,627,627,627,627,627-627,627,627,627,627,627,627,627,627,627,627,627,627,627,627,627,627,627,627,627,627,627,627,627,627
false
10
7
kevin
</mapData>

















