<mapData>
1x-1
00,20,00,00,00,00,00,00,00,00,00,00,00,00,00,00,10,00,00,00,00,20,00,00,00-00,00,00,00,00,00,00,00,00,00,00,00,00,00,00,00,00,00,00,00,20,00,00,00,00-00,00,10,00,00,00,00,00,00,00,00,00,30,00,00,00,00,00,00,00,20,00,00,00,00-00,00,00,00,00,00,00,00,00,00,00,00,00,00,00,00,00,00,00,00,00,00,00,00,00-00,00,00,00,00,00,00,00,00,20,10,00,00,00,00,00,00,00,00,00,00,00,00,00,00-00,00,00,00,00,00,00,00,00,00,10,00,00,00,00,00,00,00,00,00,00,00,10,00,00-00,00,00,00,00,00,20,00,00,00,20,00,00,00,00,00,00,10,00,00,00,00,00,00,00-00,00,00,00,00,20,00,10,00,00,00,00,00,00,00,00,00,00,20,20,20,00,00,00,30-20,00,00,00,00,00,30,00,00,00,00,00,00,00,00,00,00,00,00,00,00,20,00,00,10-00,00,00,30,00,00,00,00,00,20,00,00,00,00,00,00,10,00,00,00,00,00,00,00,00-00,00,00,00,00,00,00,00,00,00,00,00,00,00,00,20,00,00,00,00,00,00,00,00,00-00,00,00,00,00,00,00,00,10,00,00,20,00,00,00,00,00,00,00,00,00,00,20,00,00-00,00,00,20,00,00,00,00,00,00,00,00,00,00,20,00,00,00,00,00,00,00,00,00,00-00,00,00,00,00,00,00,00,00,00,00,00,00,00,00,00,00,20,00,00,00,00,00,00,10-00,00,00,00,00,00,00,00,00,00,00,00,00,00,00,20,00,00,00,00,00,00,00,00,00-00,00,00,00,00,00,00,10,00,00,00,00,00,00,00,00,00,00,10,00,00,10,00,00,00-00,30,00,00,00,00,10,00,00,00,00,30,00,00,00,00,00,00,00,00,00,00,00,00,00-20,00,00,00,00,00,00,00,00,00,00,10,00,00,00,00,00,00,00,00,00,00,00,00,00-00,00,00,00,00,00,00,00,00,10,00,00,00,00,00,10,00,00,00,00,00,00,00,00,00-20,00,00,00,00,00,00,00,00,20,00,00,00,00,00,00,00,10,00,00,00,00,00,00,00-00,00,00,00,00,00,20,00,00,00,00,00,20,20,00,00,00,00,00,00,00,20,00,00,00-00,00,00,00,00,00,00,00,00,10,00,00,20,00,00,00,00,00,00,00,00,00,00,00,00-00,00,00,00,00,00,10,00,10,00,00,00,00,00,00,00,00,00,00,00,30,00,30,00,00-00,00,00,00,00,00,00,00,10,00,00,00,00,00,10,00,00,00,00,00,00,00,00,00,00-20,00,00,00,00,00,00,00,00,00,00,00,20,00,20,00,00,00,00,00,00,00,00,00,00
4281,5281,3281,4281,5281,0278,1278,2278,3281,4281,5281,3281,4281,5281,3281,4281,5281,0278,1278,2278,3281,4281,5281,0278,1278-1278,2278,0278,1278,2278,3281,4281,5281,0278,1278,2278,0278,1278,2278,0278,1278,2278,3281,4281,5281,0278,1278,2278,0279,1279-1279,2279,0279,1279,2279,0278,1278,2278,3281,4281,5281,3281,4281,5281,3281,4281,5281,0278,1278,2278,0279,1279,2279,0280,1280-1280,2280,0280,1280,2280,0279,1279,2279,0278,1278,2278,0278,1278,2278,0278,1278,2278,3281,4281,5281,0280,1280,2280,0,0-0,0,0,0,0,0280,1280,2280,0279,1279,2279,0279,1279,2279,0279,1279,2279,0278,1278,2278,0,0,0,0,0-0,0,0,0,0,0,0,0,0280,1280,2280,0280,1280,2280,0280,1280,2280,0279,1279,2279,0,0,0,0,0-0,0,0,0,0,0,0,0,0,0,0,0,0,0,0,0,0,0280,1280,2280,0,0,0,0,0-0,0,0,0,0,0,0,0,0,0,0,0,0,0,0,0,0,0,0,0,0,0,0,0,0-0,0,0,0,0,0,0,0,0,0,0,0,0,0,0,0,0,0,0,0,0,0,0,0,0-0,0,0,0,0,0,0,0,0,0,0,0277,1277,2277,0,0,0,0,0,0,0,0,0,0,0-0,0,0,0,0,0,0,0,0,0,0,0278,1278,2278,0,0,0,0,0,0,0,0,0,0,0-0,0,0,0,0,0,0,0,0277,1277,2277,3281,4281,5281,0,0,0,0,0,0,0,0,0,0,0-0,0,0,0,0,0,0,0,0278,1278,2278,0278,1278,2278,0277,1277,2277,0,0,0,0,0,0,0,0-0,0,0,0,0,0277,1277,2277,3281,4281,5281,3281,4281,5281,0278,1278,2278,0,0,0,0,0,0,0,0-0,0,0,0,0,0278,1278,2278,0278,1278,2278,0278,1278,2278,0278,1278,2278,0,0,0,0,0,0,0,0-0,0,0277,1277,2277,3281,4281,5281,3281,4281,5281,3281,4281,5281,3281,4281,5281,0,0,0,0,0,0,0277,1277-0,0,0278,1278,2278,0278,1278,2278,0278,1278,2278,0278,1278,2278,0278,1278,2278,0,0,0,0,0,0,0278,1278-1277,2277,3281,4281,5281,3281,4281,5281,3281,4281,5281,3281,4281,5281,3281,4281,5281,0277,1277,2277,0277,1277,2277,3281,4281-1278,2278,0278,1278,2278,0278,1278,2278,0278,1278,2278,0278,1278,2278,0278,1278,2278,0278,1278,2278,0278,1278,2278,0278,1278-4281,5281,3281,4281,5281,3281,4281,5281,3281,4281,5281,3281,4281,5281,3281,4281,5281,3281,4281,5281,0278,1278,2278,3281,4281-1278,2278,0278,1278,2278,0278,1278,2278,0278,1278,2278,0278,1278,2278,0278,1278,2278,0278,1278,2278,3281,4281,5281,0278,1278-4281,5281,3281,4281,5281,3281,4281,5281,3281,4281,5281,3281,4281,5281,3281,4281,5281,3281,4281,5281,0278,1278,2278,3281,4281-1278,2278,0278,1278,2278,0278,1278,2278,0278,1278,2278,0278,1278,2278,0278,1278,2278,0278,1278,2278,3281,4281,5281,0278,1278-4281,5281,3281,4281,5281,3281,4281,5281,3281,4281,5281,3281,4281,5281,3281,4281,5281,3281,4281,5281,0278,1278,2278,3281,4281-1278,2278,0278,1278,2278,0278,1278,2278,0278,1278,2278,0278,1278,2278,0278,1278,2278,0278,1278,2278,3281,4281,5281,0278,1278
false
1
-1
kevin
</mapData>

















