<mapData>
1x0
00,00,00,00,00,00,00,00,00,00,00,00,00,00,00,00,00,00,00,00,00,00,00,00,00-00,00,00,00,00,00,00,00,00,00,00,00,00,00,30,00,00,30,00,30,00,00,00,10,00-00,00,00,00,00,00,00,00,00,00,00,00,00,00,00,00,00,30,00,00,00,00,00,00,00-00,00,20,10,00,00,00,00,20,10,00,00,00,00,00,00,00,00,00,00,00,00,00,30,00-00,01,01,01,01,00,00,00,30,00,00,00,00,00,00,00,00,00,00,00,00,00,00,00,30-00,01,01,01,01,00,00,30,00,00,00,00,00,00,00,00,00,00,10,00,00,00,00,00,00-00,20,01,01,01,01,01,00,00,00,30,00,00,00,00,00,00,00,00,00,00,00,00,00,00-00,00,00,01,01,01,01,01,10,00,00,00,30,00,00,00,10,10,00,00,00,00,00,00,00-00,00,00,00,01,01,01,01,00,00,00,00,00,00,00,00,00,00,00,00,00,00,00,20,00-10,00,00,00,01,01,01,01,00,00,00,00,00,00,10,00,00,01,01,00,00,00,00,00,00-10,00,00,00,01,01,01,01,01,01,01,01,01,01,01,01,01,01,01,01,00,00,00,00,00-00,00,00,00,00,01,01,01,01,01,00,00,00,00,00,00,01,01,01,01,30,00,00,00,00-00,00,00,00,00,00,01,00,00,00,00,00,00,00,00,00,00,01,00,00,00,00,00,00,00-00,00,00,00,00,00,00,00,00,00,00,00,00,00,00,00,00,30,00,00,20,00,00,00,00-00,00,20,00,00,00,00,00,00,00,00,00,00,00,00,00,00,01,00,00,00,00,00,30,00-00,00,00,00,00,00,00,00,00,00,00,00,00,00,00,00,01,01,01,00,00,00,00,00,00-00,00,00,00,00,00,00,00,00,00,00,20,00,00,00,00,01,01,01,00,00,00,00,00,00-20,00,00,00,00,00,00,00,00,30,00,00,00,00,00,00,01,01,01,00,00,00,00,00,00-00,00,00,00,00,00,00,00,00,00,00,00,00,00,00,00,01,01,01,00,00,30,00,20,00-00,00,00,00,00,00,00,00,30,00,00,00,10,00,00,00,00,00,00,00,00,10,00,00,00-01,00,00,00,10,00,00,00,00,00,00,00,00,00,00,00,00,00,00,00,00,20,00,00,00-00,00,00,00,00,00,00,00,00,00,00,00,00,00,00,00,00,00,00,00,00,00,00,00,00-01,00,00,00,00,00,00,00,10,00,00,00,00,00,00,00,00,00,00,00,00,00,00,00,00-01,10,00,00,20,00,00,00,00,00,00,00,00,00,00,00,00,00,00,00,00,00,00,00,00-00,00,00,00,00,00,00,20,00,00,00,00,10,00,00,00,10,00,00,00,00,30,00,00,00
4281,5281,3281,4281,5281,3281,4281,5281,3281,4281,5281,3281,4281,5281,3281,4281,5281,3281,4281,5281,0278,1278,2278,3281,4281-1278,2278,0278,1278,2278,0278,1278,2278,0278,1278,2278,0278,1278,2278,0278,1278,2278,0278,1278,2278,3281,4281,5281,0278,1278-1279,2279,0279,1279,2279,3281,4281,5281,3281,4281,5281,3281,4281,5281,3281,4281,5281,3281,4281,5281,0278,1278,2278,3281,4281-1280,2280,0280,1280,2280,0278,1278,2278,0278,1278,2278,0278,1278,2278,0278,1278,2278,0278,1278,2278,3281,4281,5281,0278,1278-0,0,0,0,0,0279,1279,2279,3281,4281,5281,3281,4281,5281,3281,4281,5281,3281,4281,5281,0278,1278,2278,3281,4281-0,0,0,0,0,0280,1280,2280,0278,1278,2278,0278,1278,2278,0278,1278,2278,0278,1278,2278,3281,4281,5281,0278,1278-0,0,0,0,0,0,0,0,3281,4281,5281,3281,4281,5281,3281,4281,5281,0279,1279,2279,0278,1278,2278,0279,1279-0,0,0,0,0,0,0,0,0278,1278,2278,0278,1278,2278,0278,1278,2278,0280,1280,2280,0279,1279,2279,0280,1280-0,0,0,0,0,0,0,0,0279,1279,2279,0279,1279,2279,0279,1279,2279,0,0,0,0280,1280,2280,0,0-0,0,0,0,0,0,0,0,0280,1280,2280,0280,1280,2280,0280,1280,2280,0,0,0,0,0,0,0,0-0,0,0,0,0,0,0,0,0,0,0,0,0,0,0,0,0,0,0,0,0,0,0,0,0-0,0,0,0,0,0,0,0,0,0,0277,1277,2277,0277,1277,2277,0,0,0,0,0,0,0,0,0-0,0,0,0,0,0,0,0277,1277,2277,0278,1278,2278,0278,1278,2278,0,0,0,0,0,0,0,0,0-0,0,0,0,0,0,0,0278,1278,2278,3281,4281,5281,3281,4281,5281,0,0,0,0,0,0,0,0,0-0,0,0,0,0277,1277,2277,3281,4281,5281,0278,1278,2278,0278,1278,2278,0,0,0,0277,1277,2277,0,0,0-0,0277,1277,2277,0278,1278,2278,0278,1278,2278,3281,4281,5281,3281,4281,5281,0,0,0,0278,1278,2278,0,0,0-0,0278,1278,2278,3281,4281,5281,3281,4281,5281,0278,1278,2278,0278,1278,2278,0,0,0,3281,4281,5281,0,0,0-31,3281,4281,5281,0278,1278,2278,0278,1278,2278,3281,4281,5281,0278,1278,2278,0,0,0,0278,1278,2278,0,0,0-0,0278,1278,2278,3281,4281,5281,3281,4281,5281,0278,1278,2278,3281,4281,5281,0,0,0,3281,4281,5281,0277,1277,2277-0,3281,4281,5281,0278,1278,2278,0278,1278,2278,0278,1278,2278,0278,1278,2278,0277,1277,2277,0278,1278,2278,0278,1278,2278-0,0278,1278,2278,3281,4281,5281,0278,1278,2278,3281,4281,5281,3281,4281,5281,0278,1278,2278,3281,4281,5281,3281,4281,5281-0,3281,4281,5281,0278,1278,2278,3281,4281,5281,0278,1278,2278,0278,1278,2278,3281,4281,5281,0278,1278,2278,0278,1278,2278-0,0278,1278,2278,3281,4281,5281,0278,1278,2278,3281,4281,5281,3281,4281,5281,0278,1278,2278,3281,4281,5281,3281,4281,5281-0,3281,4281,5281,0278,1278,2278,3281,4281,5281,0278,1278,2278,0278,1278,2278,3281,4281,5281,0278,1278,2278,0278,1278,2278-0,0278,1278,2278,3281,4281,5281,0278,1278,2278,3281,4281,5281,3281,4281,5281,0278,1278,2278,3281,4281,5281,3281,4281,5281
false
1
0
kevin
</mapData>
<pokemon>
16
48
3
6
</pokemon>
<pokemon>
19
50
2
6
</pokemon>
<pokemon>
23
2
3
5
</pokemon>
















