<mapData>
1x3
00,00,00,00,00,30,00,10,00,00,00,00,00,00,00,30,00,00,00,00,00,00,00,00,00-10,00,00,00,00,00,00,30,00,00,20,00,00,00,00,00,00,00,20,00,00,00,00,00,10-00,00,00,00,00,00,00,00,00,00,20,00,00,00,00,00,00,00,00,00,00,00,00,00,00-00,00,00,00,10,00,00,00,00,00,00,00,00,00,00,00,00,00,00,00,00,00,00,00,00-00,00,30,00,00,30,00,00,00,00,00,00,00,00,00,30,00,00,00,00,00,00,00,20,00-00,00,00,00,00,00,00,00,00,00,00,00,00,00,30,00,00,00,30,00,00,00,00,10,00-00,00,00,00,00,00,00,00,00,00,00,00,10,00,00,00,00,00,00,00,00,20,00,10,00-00,20,00,00,00,00,00,00,00,20,00,30,00,00,00,00,30,00,00,00,00,00,20,00,00-10,00,00,00,00,00,00,20,00,00,00,00,00,00,20,00,00,30,00,00,00,00,30,00,00-00,00,00,00,00,00,10,00,00,00,00,00,00,00,00,00,00,00,00,00,00,00,00,00,00-00,00,00,00,00,00,00,00,00,00,10,00,00,00,00,00,00,00,00,00,00,00,10,00,00-20,00,00,00,00,00,00,00,20,10,20,00,00,00,00,00,00,00,00,00,00,00,00,00,00-00,00,00,00,00,00,00,00,00,00,20,00,00,00,00,00,00,00,00,00,00,00,00,00,30-00,00,00,00,00,00,00,00,00,00,00,00,00,00,00,00,00,00,00,00,00,00,00,00,00-00,00,00,00,00,00,00,00,00,00,00,00,00,00,00,00,00,00,00,00,00,00,00,00,00-00,00,00,00,10,00,00,00,00,00,00,00,00,00,00,00,00,00,00,00,00,00,10,00,00-00,00,00,10,00,00,00,00,00,00,00,00,00,00,00,00,00,00,00,00,10,00,30,00,00-00,00,00,00,00,00,00,00,00,00,00,00,00,00,00,00,00,00,00,00,00,00,00,00,00-00,00,20,00,00,00,00,00,00,00,00,00,00,00,00,00,00,00,20,00,00,00,00,00,00-10,00,00,00,00,00,20,00,00,00,00,00,00,00,00,00,00,00,00,00,00,00,00,00,00-00,00,00,00,00,00,00,00,00,00,00,00,00,00,00,00,00,00,00,00,00,00,00,00,00-00,00,00,00,00,00,00,00,00,00,00,00,00,00,00,00,00,00,00,00,00,00,00,00,00-00,00,00,00,00,00,10,00,00,00,00,00,00,00,00,00,00,00,00,00,00,00,00,00,00-00,00,00,00,00,00,00,00,00,30,00,00,00,00,20,00,00,00,00,00,00,30,00,00,00-00,00,00,00,00,00,10,00,00,00,00,00,00,00,00,00,00,00,00,00,00,00,00,00,00
6280,6280,6280,6280,6280,6280,6280,6280,3281,4281,5281,0278,1278,2278,3281,4281,5281,3281,4281,5281,0278,1278,2278,6280,6280-6280,6280,6281,6281,6280,6280,6280,6280,0278,1278,2278,3281,4281,5281,0278,1278,2278,0278,1278,2278,3281,4281,5281,6280,6280-6280,6281,4407,4407,6280,6280,6280,6280,3281,4281,5281,0278,1278,2278,3281,4281,5281,3281,4281,5281,0278,1278,2278,6280,6280-6280,0,4408,4408,6280,6281,6281,6281,0278,1278,2278,3281,4281,5281,0278,1278,2278,0278,1278,2278,3281,4281,5281,6280,6280-6280,0,0,0,6280,0277,1277,2277,3281,4281,5281,0278,1278,2278,3281,4281,5281,3281,4281,5281,0278,1278,2278,6280,6281-6280,0,0,0,6281,0278,1278,2278,0278,1278,2278,3281,4281,5281,0278,1278,2278,0278,1278,2278,3281,4281,5281,6281,0-6281,0,0277,1277,2277,3281,4281,5281,3281,4281,5281,0278,1278,2278,3281,4281,5281,0279,1279,2279,0278,1278,2278,0,0-0,0,0278,1278,2278,0278,1278,2278,0278,1278,2278,3281,4281,5281,0278,1278,2278,0280,1280,2280,0279,1279,2279,0,0-0,0,3281,4281,5281,3281,4281,5281,3281,4281,5281,0278,1278,2278,0279,1279,2279,0,0,0,0280,1280,2280,0,0-0,0,0278,1278,2278,0278,1278,2278,0278,1278,2278,0279,1279,2279,0280,1280,2280,0,0,0,0,0,0,0,0-0,0,3281,4281,5281,3281,4281,5281,3281,4281,5281,0280,1280,2280,0,0,0,0,0,0,0,0,0,0,0-0,0,0278,1278,2278,0278,1278,2278,0278,1278,2278,0,0,0,0,0,0,0,0,0,0,0,0,0,0-0,0,3281,4281,5281,3281,4281,5281,0279,1279,2279,0,0,0,0,0,0,0,0,0,0,0,0,0,0-0,0,0278,1278,2278,0278,1278,2278,0280,1280,2280,0,0,0,0,0,0,0,0,0,0,0,0,0,0-1277,2277,3281,4281,5281,3281,4281,5281,0,0,0,0,0,0,0,0,0,0,0,0,0,0,0,0,0-1278,2278,0278,1278,2278,0278,1278,2278,0,0,0,0,0,0,0,0,0,0,0,0,0,0,0,0,0-4281,5281,3281,4281,5281,0279,1279,2279,0,0,0,0,0,0,0,0,0,0,0,0,0,0,0,0,0-1278,2278,0278,1278,2278,0280,1280,2280,0,0,0,0,0,0,0,0,0,0,0,0,0,0,0,0,0-4281,5281,0279,1279,2279,0,0,0,0,0,0,0,0,0,0,0,0,0,0,0,0,0,0,0,0-1278,2278,0280,1280,2280,0,0,0,0,0,0,0,0,0,0,0,0,0,0,0,0,0,0,0,0-4281,5281,0,0,0,0,0,0,0,0,0,0,0,0,0,0,0,0,0,0,0,0,0,0,0-1278,2278,0,0,0,0,0,0,0,0,0,0,0,0,0,0,0,0,0,0,0,0,0,0,0-4281,5281,0,0,0,0,0,0,0,0,0,0,0,0,0,0,0,0,0,0,0,0,0,0,0-1278,2278,0,0,0,0,0,0,0,0,0,0,0,0,0,0,0,0,0,0,0,0,0,0,0-4281,5281,0,0,0,0,0,0,0,0,0,0,0,0,0,0,0,0,0,0,0,0,0,0,0
false
1
3
kevin
</mapData>





<npcAction>
2
4
7C2roEWBbgPVOtD



true
false
false
false




yummN0Mg4YSGv44
</npcAction>
<npcAction>
3
4
kbYbiuZCV3Hwovx



true
false
false
false




E1QEBGHISuBOlwS
</npcAction>







