<mapData>
25x25TownDontEdit
16,16,16,16,16,16,16,16,16,16,16,16,16,16,16,16,16,16,16,16,16,16,16,16,16-16,16,16,16,16,16,16,16,16,16,16,16,16,16,16,16,16,16,16,16,16,16,16,16,16-16,16,16,16,16,16,16,16,16,16,16,16,16,16,16,16,16,16,16,16,16,16,16,16,16-16,16,16,16,16,16,16,16,16,16,16,16,16,16,16,16,16,16,16,16,16,16,16,16,16-16,16,16,16,16,16,16,16,16,16,16,16,16,16,16,16,16,16,16,16,16,16,16,16,16-16,16,16,16,16,16,16,16,16,16,16,16,16,16,16,16,16,16,16,16,16,16,16,16,16-16,16,16,16,16,16,16,16,16,16,16,16,16,16,16,16,16,16,16,16,16,16,16,16,16-16,16,16,16,16,16,16,16,16,16,16,16,16,16,16,16,16,16,16,16,16,16,16,16,16-16,16,16,16,16,16,16,16,16,16,16,16,16,16,16,16,16,16,16,16,16,16,16,16,16-16,16,16,16,16,16,16,16,16,16,16,16,16,16,16,16,16,16,16,16,16,16,16,16,16-16,16,16,16,16,16,16,16,16,16,16,16,16,16,16,16,16,16,16,16,16,16,16,16,16-16,16,16,16,16,16,16,16,16,16,16,16,16,16,16,16,16,16,16,16,16,16,16,16,16-16,16,16,16,16,16,16,16,16,16,16,16,16,16,16,16,16,16,16,16,16,16,16,16,16-16,16,16,16,16,16,16,16,16,16,16,16,16,16,16,16,16,16,16,16,16,16,16,16,16-16,16,16,16,16,16,16,16,16,16,16,16,16,16,16,16,16,16,16,16,16,16,16,16,16-16,16,16,16,16,16,16,16,16,16,16,16,16,16,16,16,16,16,16,16,16,16,16,16,16-16,16,16,16,16,16,16,16,16,16,16,16,16,16,16,16,16,16,16,16,16,16,16,16,16-16,16,16,16,16,16,16,16,16,16,16,16,16,16,16,16,16,16,16,16,16,16,16,16,16-16,16,16,16,16,16,16,16,16,16,16,16,16,16,16,16,16,16,16,16,16,16,16,16,16-16,16,16,16,16,16,16,16,16,16,16,16,16,16,16,16,16,16,16,16,16,16,16,16,16-16,16,16,16,16,16,16,16,16,16,16,16,16,16,16,16,16,16,16,16,16,16,16,16,16-16,16,16,16,16,16,16,16,16,16,16,16,16,16,16,16,16,16,16,16,16,16,16,16,16-16,16,16,16,16,16,16,16,16,16,16,16,16,16,16,16,16,16,16,16,16,16,16,16,16-16,16,16,16,16,16,16,16,16,16,16,16,16,16,16,16,16,16,16,16,16,16,16,16,16-16,16,16,16,16,16,16,16,16,16,16,16,16,16,16,16,16,16,16,16,16,16,16,16,16
0,0,0,0,00,0,0,0,0,0,0,0,0,0,0,0,0,0,0,0,00,0,0,0,0-0,0,00,00,00,0,0,0,0,0,0,0,0,0,0,0,0,0,0,0,00,00,00,00,00-0,0,00,0,0,0,0,0,0,0,0,0,0,0,0,0,0,0,0,0,0,0,0,00,00-0,0,00,0,0,0,0,0,0,0,0,0,0,0,0,0,0,0,0,0,0,0,0,00,00-0,0,00,0,0,0,0,0,0,0,0,0,0,0,0,0,0,0,0,0,0,0,0,00,00-0,0,00,0,0,0,0,0,0,0,0,0,0,0,0,0,0,0,0,0,0,0,0,00,00-0,0,00,0,0,0,0,0,0,0,0,0,0,0,0,0,0,0,0,0,0,0,0,00,00-0,0,00,0,0,0,0,0,0,0,0,0,0,0,0,0,0,0,0,0,0,0,0,00,00-0,0,00,0,0,0,0,0,0,0,0,0,0,0,0,0,0,0,0,0,0,0,0,00,00-0,0,00,0,0,0,0,0,0,0,0,0,0,0,0,0,0,00,00,00,0,0,0,00,00-0,0,00,0,00,00,0,0,0,0,0,0,0,0,0,0,0,00,00,00,0,0,0,00,00-0,0,00,0,00,00,0,0,0,0,0,0,0,0,0,0,0,00,00,00,0,0,0,00,0-0,0,00,0,00,00,0,0,0,0,0,0,0,0,0,0,0,0,0,00,0,0,0,00,0-0,0,00,0,00,00,0,0,0,0,0,0,0,0,0,0,0,0,0,0,0,0,0,00,0-0,0,00,0,00,00,0,0,0,0,0,0,0,0,0,0,0,0,0,0,0,0,0,00,0-0,0,00,0,00,00,0,0,0,0,0,0,0,0,0,0,0,0,0,0,0,0,0,00,0-0,0,00,0,0,0,0,0,0,0,0,0,0,0,0,0,0,0,0,0,0,0,0,00,0-0,0,00,0,0,0,0,0,0,0,0,0,0,0,0,0,0,0,0,0,0,0,0,00,0-0,00,00,0,0,0,0,0,0,0,0,0,0,0,0,0,0,0,0,0,0,00,0,00,00-00,00,00,0,0,0,0,0,0,0,0,0,0,00,00,00,00,0,0,0,00,00,00,00,00-00,00,00,0,0,0,0,0,0,0,0,0,0,00,00,00,00,0,0,00,00,00,00,00,00-00,00,00,0,0,0,0,0,0,0,0,0,0,0,0,0,0,0,00,00,00,00,00,00,00-00,00,00,0,0,0,0,0,0,0,0,00,00,00,0,0,0,0,00,00,00,00,00,00,00-00,00,00,00,00,0,0,0,0,00,00,0,00,00,00,00,00,00,00,00,00,00,00,00,00-0,00,00,00,00,00,00,00,00,00,00,00,00,00,00,00,00,00,00,0,0,0,0,00,00
false
null
null
</mapData>








