1
25x25GrassDontEdit
00,00,00,00,00,00,00,00,00,00,00,00,00,00,00,00,00,00,00,00,00,00,00,00,00-00,00,00,00,00,00,00,00,00,00,00,00,00,00,00,00,00,00,00,00,00,00,00,00,00-00,00,00,00,00,00,00,00,00,00,00,00,00,00,00,00,00,00,00,00,00,00,00,00,00-00,00,00,00,00,00,00,00,00,00,00,00,00,00,00,00,00,00,00,00,00,00,00,00,00-00,00,00,00,00,00,00,00,00,00,00,00,00,00,00,00,00,00,00,00,00,00,00,00,00-00,00,00,00,00,00,00,00,00,00,00,00,00,00,00,00,00,00,00,00,00,00,00,00,00-00,00,10,00,00,00,00,00,00,00,00,00,00,00,00,00,00,00,00,00,00,00,00,00,00-00,00,00,00,00,00,00,00,00,00,00,00,00,00,00,00,00,00,00,00,00,00,00,00,00-00,00,10,00,00,00,00,00,00,00,00,00,00,00,00,00,00,00,00,00,00,00,00,00,00-00,00,00,00,00,00,00,00,00,00,00,00,00,00,00,00,00,00,00,00,00,00,00,10,00-00,00,00,00,00,00,00,00,00,00,00,00,00,00,00,00,00,00,00,00,00,00,00,00,00-00,10,00,00,00,00,00,00,00,00,00,00,00,00,00,00,00,00,00,00,00,00,00,00,00-00,00,00,00,00,00,00,00,00,00,00,00,00,00,00,00,00,00,00,00,00,00,00,00,00-00,00,00,00,00,00,00,00,00,00,00,00,00,00,00,00,00,00,00,00,00,00,00,00,00-00,10,00,00,00,00,00,00,00,00,00,00,00,00,00,00,00,00,00,00,00,00,00,00,10-00,00,10,00,00,00,00,00,00,00,00,00,00,00,00,00,00,00,00,00,00,00,00,00,00-00,00,10,00,00,00,00,00,00,00,00,00,00,00,00,00,00,00,00,00,00,00,00,00,00-00,00,10,00,00,00,00,00,00,00,00,00,00,00,00,00,00,00,00,00,00,00,00,00,00-00,10,00,00,00,00,00,00,00,00,00,00,00,00,00,00,00,00,00,00,00,00,10,10,00-00,00,00,00,00,00,00,00,00,00,00,00,00,00,00,00,00,00,00,00,00,00,00,10,00-00,00,00,00,00,00,00,00,00,00,00,00,00,00,00,00,00,00,00,00,00,00,00,00,00-00,00,00,00,00,00,00,00,00,00,00,00,00,00,00,00,00,00,00,00,00,00,00,00,00-00,00,00,00,00,00,00,00,00,00,00,00,00,00,00,00,00,00,00,00,00,00,00,00,00-00,00,00,00,00,00,00,00,00,00,00,00,00,00,00,00,00,00,00,00,00,00,00,00,00-00,00,00,00,00,00,00,00,00,00,00,00,00,00,00,00,00,00,00,00,00,00,00,00,00
0,0,0,0,00,0,0,0,0,0,0,0,0,0,0,0,0,0,0,0,00,0,0,0,0-0,0,00,00,00,0,0,0,0,0,0,0,0,0,0,0,0,0,0,0,00,00,00,00,00-0,0,00,0,0,0,0,0,0,0,0,0,0,0,0,0,0,0,0,0,0,0,0,00,00-0,0,00,0,0,0,0,0,0,0,0,0,0,0,0,0,0,0,0,0,0,0,0,00,00-0,0,00,0,0,0,0,0,0,0,0,0,0,0,0,0,0,0,0,0,0,0,0,00,00-0,0,00,0,0,0,0,0,0,0,0,0,0,0,0,0,0,0,0,0,0,0,0,00,00-0,0,00,0,0,0,0,0,0,0,0,0,0,0,0,0,0,0,0,0,0,0,0,00,00-0,0,00,0,0,0,0,0,0,0,0,0,0,0,0,0,0,0,0,0,0,0,0,00,00-0,0,00,0,0,0,0,0,0,0,0,0,0,0,0,0,0,0,0,0,0,0,0,00,00-0,0,00,0,0,0,0,0,0,0,0,0,0,0,0,0,0,00,00,00,0,0,0,00,00-0,0,00,0,00,00,0,0,0,0,0,0,0,0,0,0,0,00,00,00,0,0,0,00,00-0,0,00,0,00,00,0,0,0,0,0,0,0,0,0,0,0,00,00,00,0,0,0,00,0-0,0,00,0,00,00,0,0,0,0,0,0,0,0,0,0,0,0,0,00,0,0,0,00,0-0,0,00,0,00,00,0,0,0,0,0,0,0,0,0,0,0,0,0,0,0,0,0,00,0-0,0,00,0,00,00,0,0,0,0,0,0,0,0,0,0,0,0,0,0,0,0,0,00,0-0,0,00,0,00,00,0,0,0,0,0,0,0,0,0,0,0,0,0,0,0,0,0,00,0-0,0,00,0,0,0,0,0,0,0,0,0,0,0,0,0,0,0,0,0,0,0,0,00,0-0,0,00,0,0,0,0,0,0,0,0,0,0,0,0,0,0,0,0,0,0,0,0,00,0-0,00,00,0,0,0,0,0,0,0,0,0,0,0,0,0,0,0,0,0,0,00,0,00,00-00,00,00,0,0,0,0,0,0,0,0,0,0,00,00,00,00,0,0,0,00,00,00,00,00-00,00,00,0,0,0,0,0,0,0,0,0,0,00,00,00,00,0,0,00,00,00,00,00,00-00,00,00,0,0,0,0,0,0,0,0,0,0,0,0,0,0,0,00,00,00,00,00,00,00-00,00,00,0,0,0,0,0,0,0,0,00,00,00,0,0,0,0,00,00,00,00,00,00,00-00,00,00,00,00,0,0,0,0,00,00,0,00,00,00,00,00,00,00,00,00,00,00,00,00-0,00,00,00,00,00,00,00,00,00,00,00,00,00,00,00,00,00,00,0,0,0,0,00,00
false





null
null
