<mapData>
2x-1
00,00,10,00,09,29,527,627,627,627,627,627,627,627,627,627,627,627,627,627,627,627,627,627,627-30,00,00,00,09,29,527,627,627,627,627,627,627,627,627,627,627,627,627,627,627,627,627,627,627-00,00,00,30,09,29,527,627,627,627,627,627,627,627,627,627,627,627,627,627,627,627,627,627,627-00,00,00,00,09,29,527,627,627,627,627,627,627,627,627,627,627,627,627,627,627,627,627,627,627-00,00,00,00,09,29,527,627,627,627,627,627,627,627,627,627,627,627,627,627,627,627,627,627,627-18,18,18,18,38,29,527,627,627,627,627,627,627,627,627,627,627,627,627,627,627,627,627,627,627-110,110,110,110,39,29,527,627,627,627,627,627,627,627,627,627,627,627,627,627,627,627,627,627,627-00,00,00,00,09,29,527,627,627,627,627,627,627,627,627,627,627,627,627,627,627,627,627,627,627-00,00,00,30,09,29,527,627,627,627,627,627,627,627,627,627,627,627,627,627,627,627,627,627,627-10,00,00,00,09,29,527,627,627,627,627,627,627,627,627,627,627,627,627,627,627,627,627,627,627-00,10,00,00,09,29,528,628,628,628,628,628,628,628,628,628,628,628,628,628,628,628,628,628,628-00,00,00,00,09,29,121,121,121,121,121,121,121,121,121,121,121,121,121,121,121,121,121,121,121-00,00,00,00,09,29,121,121,121,121,121,121,121,121,121,121,121,121,121,121,121,121,121,121,121-00,00,00,00,010,210,121,121,121,121,121,121,121,121,121,121,121,121,121,121,121,121,121,121,121-00,00,00,00,00,00,526,626,626,626,626,626,626,626,626,626,626,626,626,626,626,626,626,626,626-00,00,00,00,00,00,527,627,627,627,627,627,627,627,627,627,627,627,627,627,627,627,627,627,627-00,00,20,00,00,00,527,627,627,627,627,627,627,627,627,627,627,627,627,627,627,627,627,627,627-10,00,00,00,00,20,527,627,627,627,627,627,627,627,627,627,627,627,627,627,627,627,627,627,627-20,00,10,30,00,00,527,627,627,627,627,627,627,627,627,627,627,627,627,627,627,627,627,627,627-00,00,00,00,00,00,527,627,627,627,627,627,627,627,627,627,627,627,627,627,627,627,627,627,627-00,00,00,00,00,00,527,627,627,627,627,627,627,627,627,627,627,627,627,627,627,627,627,627,627-00,00,00,00,00,00,527,627,627,627,627,627,627,627,627,627,627,627,627,627,627,627,627,627,627-00,00,00,20,00,00,527,627,627,627,627,627,627,627,627,627,627,627,627,627,627,627,627,627,627-00,00,00,00,00,00,527,627,627,627,627,627,627,627,627,627,627,627,627,627,627,627,627,627,627-00,00,30,00,30,00,527,627,627,627,627,627,627,627,627,627,627,627,627,627,627,627,627,627,627
2278,0278,1278,2278,0,0,0,0,0,0,0,0,0,0,0,0,0,0,0,0,0,0,0,0,0-2279,0279,1279,2279,0,0,0,0,0,0,0,0,0,0,0,0,0,0,0,0,0,0,0,0,0-2280,0280,1280,2280,0,0,0,0,0,0,0,0,0,0,0,0,0,0,0,0,0,0,0,0,0-0,0,0,0,0,0,0,0,0,0,0,0,0,0,0,0,0,0,0,0,0,0,0,0,0-0,0,0,0,0,0,0,0,0,0,0,0,0,0,0,0,0,0,0,0,0,0,0,0,0-0,0,0,0,0,0,0,0,0,0,0,0,0,0,0,0,0,0,0,0,0,0,0,0,0-0,0,0,0,0,0,0,0,0,0,0,0,0,0,0,0,0,0,0,0,0,0,0,0,0-0,0,0,0,0,0,0,0,0,0,0,0,0,0,0,0,0,0,0,0,0,0,0,0,0-0,0,0,0,0,0,0,0,0,0,0,0,0,0,0,0,0,0,0,0,0,0,0,0,0-0,0,0,0,0,0,0,0,0,0,0,0,0,0,0,0,0,0,0,0,0,0,0,0,0-0,0,0,0,0,0,0,0,0,0,0,0,0,0,0,0,0,0,0,0,0,0,0,0,0-0,0,0,0,0,0,0,0,0,0,0,0,0,0,0,0,0,0,0,0,0,0,0,0,0-0,0,0,0,0,0,0,0,0,0,0,0,0,0,0,0,0,0,0,0,0,0,0,0,0-0,0,0,0,0,0,0,0,0,0,0,0,0,0,0,0,0,0,0,0,0,0,0,0,0-0,0,0,0,0,0,0,0,0,0,0,0,0,0,0,0,0,0,0,0,0,0,0,0,0-2277,0277,1277,2277,0,0,0,0,0,0,0,0,0,0,0,0,0,0,0,0,0,0,0,0,0-2278,0278,1278,2278,0,0,0,0,0,0,0,0,0,0,0,0,0,0,0,0,0,0,0,0,0-5281,3281,4281,5281,0,0,0,0,0,0,0,0,0,0,0,0,0,0,0,0,0,0,0,0,0-2278,0278,1278,2278,0,0,0,0,0,0,0,0,0,0,0,0,0,0,0,0,0,0,0,0,0-5281,3281,4281,5281,0,0,0,0,0,0,0,0,0,0,0,0,0,0,0,0,0,0,0,0,0-2278,0278,1278,2278,0,0,0,0,0,0,0,0,0,0,0,0,0,0,0,0,0,0,0,0,0-5281,3281,4281,5281,0,0,0,0,0,0,0,0,0,0,0,0,0,0,0,0,0,0,0,0,0-2278,0278,1278,2278,0,0,0,0,0,0,0,0,0,0,0,0,0,0,0,0,0,0,0,0,0-5281,3281,4281,5281,0,0,0,0,0,0,0,0,0,0,0,0,0,0,0,0,0,0,0,0,0-2278,0278,1278,2278,0,0,0,0,0,0,0,0,0,0,0,0,0,0,0,0,0,0,0,0,0
false
2
-1
kevin
</mapData>

















