<mapData>
2x-2
00,00,00,00,00,00,00,00,00,00,00,30,00,00,00,00,10,00,00,09,29,00,00,20,00-00,00,00,00,30,00,00,20,00,00,20,00,00,00,00,00,00,00,00,09,29,00,00,00,00-00,00,00,00,00,00,00,00,00,00,00,00,20,00,00,00,00,00,00,09,29,00,00,00,00-00,30,30,00,00,00,00,00,00,30,00,30,00,00,00,00,30,00,00,09,29,00,00,00,00-00,00,00,00,20,00,00,00,00,00,00,00,00,00,00,00,00,00,10,09,29,00,00,00,00-00,00,00,10,00,00,00,00,00,00,00,00,00,00,00,00,00,00,00,09,29,00,20,00,00-10,00,00,00,00,00,00,00,00,30,00,10,00,00,00,00,30,00,00,09,29,00,00,00,00-18,18,28,00,00,00,00,30,00,00,30,00,00,00,00,00,00,00,00,09,29,00,00,00,00-110,39,29,00,00,20,00,00,00,20,00,00,00,00,10,20,00,00,00,09,29,00,00,00,00-00,09,29,00,00,00,00,00,00,10,00,00,00,00,00,00,00,00,00,09,29,20,00,00,00-00,09,29,00,00,10,00,20,00,10,00,00,00,00,00,00,00,00,00,09,29,00,00,00,00-00,09,29,00,00,00,20,00,00,00,00,00,20,30,00,00,00,00,00,09,29,00,00,00,30-00,09,29,00,00,00,00,00,00,00,00,00,00,00,00,00,00,00,00,09,29,00,00,00,00-00,09,29,00,00,00,20,00,00,00,00,00,00,00,00,00,00,00,10,09,29,00,00,00,00-00,010,39,28,00,00,00,00,00,10,00,00,00,00,00,00,00,00,00,09,29,20,00,00,00-00,00,010,39,18,18,18,18,18,18,18,18,18,18,18,18,18,18,18,38,48,18,18,28,00-00,00,00,09,19,19,49,110,110,110,110,110,110,110,110,110,110,110,110,110,110,110,110,210,30-00,00,00,010,39,49,210,00,00,00,00,00,00,00,00,00,00,00,00,00,00,00,00,00,00-00,00,00,00,09,29,20,00,00,00,00,00,00,00,00,00,00,00,10,00,10,00,00,00,00-00,00,00,00,09,29,00,00,00,00,00,00,00,00,00,00,00,30,00,00,00,00,00,00,00-00,00,00,00,09,29,526,626,626,626,626,626,626,626,626,626,626,626,626,626,626,626,626,626,626-00,00,00,00,09,29,527,627,627,627,627,627,627,627,627,627,627,627,627,627,627,627,627,627,627-00,30,00,20,09,29,527,627,627,627,627,627,627,627,627,627,627,627,627,627,627,627,627,627,627-10,00,00,00,09,29,527,627,627,627,627,627,627,627,627,627,627,627,627,627,627,627,627,627,627-00,00,00,00,09,29,527,627,627,627,627,627,627,627,627,627,627,627,627,627,627,627,627,627,627
0,0,0,0,0,0,0,0,0,0,0,0,0,0,0,0,0,0,0,0,0,0,0,0,0-0,0,0,0,0,0,0,0,0,0,0,0,0,0,0,0,0,0,0,0,0,0,0,0,0-0,0,0,0,0,0,0,0,0,0,0,0,0,0,0,0,0,0,0,0,0,0,0,0,0-0,0,0,0,0,0,0,0,0,0,0,0,0,0,0,0,0,0,0,0,0,0,0,0,0-0,0,0,0,0,0,0,0,0,0,0,0,0,0,0,0,0,0,0,0,0,0,0,0,0-0,0,0,0,0,0,0,0,0,0,0,0,0,0,0,0,0,0,0,0,0,0,0,0,0-0,0,0,0,0,0,0,0,0,0,0,0,0,0,0,0,0,0,0,0,0,0,0,0,0-0,0,0,0,0,0,0,0,0,0,0,0,0,0,0,0,0,0,0,0,0,0,0,0,0-0,0,0,0,0,0,0,0,0,0,0,0,0,0,0,0,0,0,0,0,0,0,0,0,0-0,0,0,0,0,0,0,0,0,0,0,0,0,0,0,0,0,0,0,0,0,0,0,0,0-0,0,0,0,0,0,0,0,0,0,0,0,0,0,0,0,0,0,0,0,0,0,0,0,0-0,0,0,0,0,0,0,0,0,0,0,0,0,0,0,0,0,0,0,0,0,0,0,0,0-0,0,0,0,0,0,0,0,0,0,0,0,0,0,0,0,0,0,0,0,0,0,0,0,0-0,0,0,0,0,0,0,0,0,0,0,0,0,0,0,0,0,0,0,0,0,0,0,0,0-0,0,0,0,0,0,0,0,0,0,0,0,0,0,0,0,0,0,0,0,0,0,0,0,0-0,0,0,0,0,0,0,0,0,0,0,0,0,0,0,0,0,0,0,0,0,0,0,0,0-0,0,0,0,0,0,0,0,0,0,0,0,0,0,0,0,0,0,0,0,0,0,0,0,0-0,0,0,0,0,0,0,0,0,0,0,0,0,0,0,0,0,0,0,0,0,0,0,0,0-0,0,0,0,0,0,0,0,0,0,0,0,0,0,0,0,0,0,0,0,0,0,0,0,0-0,0,0,0,0,0,0,0,0,0,0,0,0,0,0,0,0,0,0,0,0,0,0,0,0-0,0,0,0,0,0,0,0,0,0,0,0,0,0,0,0,0,0,0,0,0,0,0,0,0-0,0,0,0,0,0,0,0,0,0,0,0,0,0,0,0,0,0,0,0,0,0,0,0,0-0,0,0,0,0,0,0,0,0,0,0,0,0,0,0,0,0,0,0,0,0,0,0,0,0-0,0,0,0,0,0,0,0,0,0,0,0,0,0,0,0,0,0,0,0,0,0,0,0,0-0,0,0,0,0,0,0,0,0,0,0,0,0,0,0,0,0,0,0,0,0,0,0,0,0
false
2
-2
kevin
</mapData>

















