<mapData>
2x0
00,00,00,00,00,00,00,00,00,00,00,00,00,00,00,10,00,00,30,00,00,00,00,00,00-00,00,00,00,00,00,20,00,00,00,00,00,00,00,00,00,00,00,00,00,00,00,00,00,00-00,00,00,00,00,00,00,00,20,30,10,00,00,00,00,00,00,00,00,00,00,00,00,00,00-00,00,20,00,00,00,00,00,00,00,00,00,00,00,00,00,00,00,00,00,20,00,00,00,30-00,00,00,00,00,00,00,00,00,00,00,00,00,00,00,00,00,00,00,00,00,00,00,00,00-00,00,00,00,20,00,00,00,00,00,00,00,00,30,00,00,00,00,00,00,00,00,00,00,00-00,00,00,00,00,00,00,00,00,00,00,00,00,00,00,00,00,00,10,00,00,20,00,00,00-00,00,00,30,00,00,20,00,00,00,00,00,00,00,00,10,00,00,00,00,00,00,00,00,00-00,00,00,30,00,00,00,00,30,00,00,00,10,00,30,00,00,00,00,00,00,00,00,00,00-00,00,10,00,00,00,00,00,20,30,00,00,00,00,00,00,00,00,00,00,00,00,00,00,00-00,00,00,00,20,00,00,00,00,00,00,00,00,00,00,00,00,00,00,00,00,00,00,00,30-00,00,00,00,00,00,00,00,00,00,00,00,00,00,00,00,00,00,00,00,00,00,00,00,00-00,00,00,00,30,00,20,00,00,00,00,30,00,00,00,00,00,00,10,00,00,00,00,00,00-30,00,00,00,00,00,00,00,00,00,00,00,10,00,10,00,00,00,00,00,00,00,00,00,00-00,00,10,00,00,00,00,00,00,00,00,00,00,00,00,00,00,20,00,00,00,00,00,00,00-00,00,00,00,00,00,00,00,00,00,00,30,00,00,00,00,00,00,00,00,00,00,00,00,00-00,00,10,00,00,00,00,00,00,00,00,00,00,00,10,00,00,00,00,00,00,00,00,00,00-00,00,00,00,00,00,00,00,00,00,00,00,00,00,00,00,00,00,00,00,00,10,30,00,00-00,00,00,00,00,00,00,00,00,00,00,00,00,00,00,10,00,00,00,00,10,00,00,00,00-00,00,00,00,00,00,00,00,00,20,00,00,00,00,00,00,00,00,30,00,00,00,00,00,00-00,30,00,00,20,00,10,00,00,00,00,00,00,00,00,00,00,30,20,00,00,00,00,00,00-00,00,00,00,00,00,00,00,00,30,00,00,00,00,00,00,10,00,00,00,00,00,00,00,00-00,00,00,00,00,00,00,00,00,00,00,30,00,00,00,00,00,00,00,00,30,00,00,00,00-00,00,10,00,00,00,00,00,00,00,00,00,00,00,00,00,00,00,30,00,00,00,00,00,00-00,00,00,00,00,00,00,00,00,00,20,00,00,00,10,20,00,00,00,00,00,00,00,00,00
0,0,0,0,0,0,527,627,627,627,627,627,627,627,627,627,627,627,627,627,627,627,627,627,627-0,0,0,0,0,0,527,627,627,627,627,627,627,627,627,627,627,627,627,627,627,627,627,627,627-0,0,0,0,0,0,527,627,627,627,627,627,627,627,627,627,627,627,627,627,627,627,627,627,627-0,0,0,0,0,0,527,627,627,627,627,627,627,627,627,627,627,627,627,627,627,627,627,627,627-0,0,0,0,0,0,527,627,627,627,627,627,627,627,627,627,627,627,627,627,627,627,627,627,627-0,0,0,0,0,0,527,627,627,627,627,627,627,627,627,627,627,627,627,627,627,627,627,627,627-0,0,0,0,0,0,527,627,627,627,627,627,627,627,627,627,627,627,627,627,627,627,627,627,627-0,0,0,0,0,0,527,627,627,627,627,627,627,627,627,627,627,627,627,627,627,627,627,627,627-0,0,0,0,0,0,527,627,627,627,627,627,627,627,627,627,627,627,627,627,627,627,627,627,627-0,0,0,0,0,0,527,627,627,627,627,627,627,627,627,627,627,627,627,627,627,627,627,627,627-0,0,0,0,0,0,527,627,627,627,627,627,627,627,627,627,627,627,627,627,627,627,627,627,627-0,0,0,0,0,0,527,627,627,627,627,627,627,627,627,627,627,627,627,627,627,627,627,627,627-0,0,0,0,0,0,527,627,627,627,627,627,627,627,627,627,627,627,627,627,627,627,627,627,627-0,0,0,0,0,0,527,627,627,627,627,627,627,627,627,627,627,627,627,627,627,627,627,627,627-0,0,0,0,0,0,527,627,627,627,627,627,627,627,627,627,627,627,627,627,627,627,627,627,627-0,0,0,0,0,0,527,627,627,627,627,627,627,627,627,627,627,627,627,627,627,627,627,627,627-0277,1277,2277,0,0,0,527,627,627,627,627,627,627,627,627,627,627,627,627,627,627,627,627,627,627-0278,1278,2278,0277,1277,2277,527,627,627,627,627,627,627,627,627,627,627,627,627,627,627,627,627,627,627-3281,4281,5281,0278,1278,2278,527,627,627,627,627,627,627,627,627,627,627,627,627,627,627,627,627,627,627-0278,1278,2278,3281,4281,5281,527,627,627,627,627,627,627,627,627,627,627,627,627,627,627,627,627,627,627-3281,4281,5281,0278,1278,2278,527,627,627,627,627,627,627,627,627,627,627,627,627,627,627,627,627,627,627-0278,1278,2278,3281,4281,5281,527,627,627,627,627,627,627,627,627,627,627,627,627,627,627,627,627,627,627-3281,4281,5281,0278,1278,2278,527,627,627,627,627,627,627,627,627,627,627,627,627,627,627,627,627,627,627-0278,1278,2278,3281,4281,5281,527,627,627,627,627,627,627,627,627,627,627,627,627,627,627,627,627,627,627-3281,4281,5281,0278,1278,2278,527,627,627,627,627,627,627,627,627,627,627,627,627,627,627,627,627,627,627
false
2
0

</mapData>








