<mapData>
2x5
00,00,00,00,00,00,00,00,10,00,00,00,00,00,00,00,00,00,00,510,710,00,10,30,00-00,00,00,00,00,00,00,00,00,20,00,00,00,00,00,00,00,00,00,510,710,00,00,30,00-00,00,00,00,00,00,00,00,00,00,00,00,00,00,00,00,00,00,00,510,710,00,00,00,00-00,00,00,00,00,00,00,00,00,00,00,00,00,00,00,00,00,00,00,510,710,00,00,00,30-00,00,10,00,00,00,00,59,69,69,69,69,69,69,69,69,69,69,69,310,710,00,00,00,00-30,00,00,00,00,00,00,510,411,611,611,611,611,611,611,611,611,611,611,611,711,00,00,00,00-00,00,00,00,00,00,00,510,710,00,00,00,00,00,00,00,00,00,00,00,00,00,00,00,00-00,00,00,00,00,00,00,510,710,00,00,00,00,00,00,00,00,00,10,00,00,00,00,00,00-00,00,00,20,00,00,00,510,710,00,00,00,00,00,00,00,00,10,00,00,00,00,00,00,00-00,00,00,00,00,00,00,510,710,00,00,00,10,00,00,00,00,00,00,00,00,00,00,00,20-00,00,00,00,00,00,00,510,710,00,00,00,10,00,00,00,30,00,00,00,00,00,00,00,00-00,00,00,00,30,00,00,510,710,00,00,00,00,00,00,00,00,00,00,00,00,00,00,00,00-00,00,10,00,00,00,00,510,710,00,00,00,00,00,00,00,00,00,00,00,00,00,00,10,00-00,00,00,00,30,00,00,510,710,00,00,00,00,00,00,00,00,00,00,00,00,00,00,20,00-00,00,00,00,00,00,00,510,710,00,00,00,00,00,00,20,00,30,00,00,00,00,00,00,00-00,00,00,00,00,00,00,510,710,00,00,00,00,00,00,00,00,00,00,00,00,00,00,20,00-00,00,00,00,00,00,00,510,710,00,00,00,00,00,00,00,00,00,00,00,00,00,00,00,00-00,00,00,00,00,00,00,510,710,00,00,00,00,00,00,20,00,00,10,00,30,00,00,00,00-00,20,00,00,00,00,00,510,710,00,00,00,00,10,00,00,00,00,00,00,00,00,00,00,30-00,00,00,00,00,00,00,510,710,00,00,00,00,20,00,00,00,00,00,00,00,00,00,00,00-00,00,00,00,00,00,00,510,410,69,69,69,69,69,69,69,69,69,69,69,69,69,69,79,00-00,00,00,00,00,20,00,511,611,611,611,611,611,611,611,611,611,611,611,611,611,611,311,710,00-00,00,00,30,00,00,00,30,00,00,00,00,00,00,00,10,00,00,00,00,00,00,510,710,20-00,00,00,00,00,00,00,00,00,00,00,00,20,00,00,00,00,00,00,00,00,00,510,710,00-00,00,00,10,10,00,00,00,00,00,00,00,30,00,00,10,00,00,20,00,00,00,510,710,00
61,71,62,72,62,72,61,71,61,71,61,71,62,72,61,71,61,71,0,0,0,0,61,71,61-62,72,61,71,61,71,42,52,42,52,42,52,61,71,42,52,42,52,0,0,0,0,62,72,62-61,71,62,72,42,52,0,0,0,0,0,0,42,52,0,0,0,0,0,0,0,0,61,71,61-62,72,61,71,0,0,0,0,0,0,0,0,0,0,0,0,0,0,0,0,0,0,62,72,62-61,71,62,72,0,0,0,0,0,0,0,0,0,0,0,0,0,0,0,0,0,0,61,71,61-62,72,61,71,0,0,0,0,0,0,0,0,0,0,0,0,0,0,0,0,0,0,62,72,62-61,71,42,52,0,0,0,0,0,0,0,0,60,70,0,0,0,0,60,70,0,0,61,71,61-62,72,0,0,0,0,0,0,0,0,0,0,61,71,60,70,60,70,61,71,0,0,62,72,62-61,71,0,0,0,0,0,0,0,0,0,0,62,72,61,71,61,71,62,72,60,70,61,71,61-62,72,0,0,0,0,0,0,0,0,60,70,61,71,62,72,62,72,61,71,61,71,62,72,62-61,71,0,0,0,0,0,0,0,0,61,71,62,72,61,71,61,71,62,72,62,72,61,71,61-62,72,0,0,0,0,0,0,0,0,62,72,61,71,62,72,42,52,61,71,61,71,62,72,62-61,71,0,0,0,0,0,0,0,0,61,71,62,72,61,71,0,0,42,52,62,72,61,71,61-62,72,0,0,0,0,0,0,0,0,62,72,61,71,62,72,0,0,0,0,61,71,62,72,62-61,71,60,70,0,0,0,0,0,0,61,71,62,72,61,71,0,0,0,0,62,72,61,71,61-62,72,61,71,0,0,0,0,0,0,62,72,61,71,42,52,0,0,0,0,61,71,62,72,62-61,71,62,72,0,0,0,0,0,0,61,71,42,52,0,0,0,0,0,0,62,72,61,71,61-62,72,61,71,0,0,0,0,0,0,42,52,0,0,0,0,0,0,0,0,61,71,42,52,62-61,71,62,72,0,0,0,0,0,0,0,0,0,0,0,0,0,0,0,0,42,52,0,0,61-62,72,61,71,0,0,0,0,0,0,0,0,0,0,0,0,0,0,0,0,0,0,0,0,42-61,71,62,72,60,70,0,0,0,0,0,0,0,0,0,0,0,0,0,0,0,0,0,0,0-62,72,61,71,61,71,0,0,0,0,0,0,0,0,0,0,0,0,0,0,0,0,0,0,0-61,71,62,72,62,72,60,70,0,0,0,0,0,0,60,70,0,0,0,0,0,0,0,0,60-62,72,61,71,61,71,61,71,60,70,60,70,60,70,61,71,60,70,60,70,60,70,0,0,61-61,71,62,72,62,72,62,72,61,71,61,71,61,71,62,72,61,71,61,71,61,71,0,0,62
false
2
5
kevin
</mapData>








