<mapData>
2x6
00,00,00,00,00,00,00,00,00,00,00,00,00,00,00,00,00,00,00,00,00,00,510,710,00-00,00,30,00,00,00,00,00,20,00,00,30,00,00,00,00,20,00,00,00,00,00,510,710,00-00,00,00,00,00,00,00,00,00,00,00,00,00,00,00,20,00,00,10,00,00,20,510,710,30-30,00,00,10,00,00,00,00,00,00,00,00,00,00,00,00,00,20,00,00,00,00,510,710,20-00,00,00,00,00,00,00,00,20,00,00,00,10,30,00,00,00,59,69,69,69,69,310,710,00-00,00,00,00,00,00,00,00,00,00,20,00,00,00,00,00,00,510,411,611,611,611,611,711,00-00,00,00,00,00,00,00,00,30,00,00,00,00,00,00,00,00,510,710,00,00,00,00,00,00-00,00,00,10,00,00,00,00,00,00,00,00,00,00,00,00,00,510,710,00,00,00,00,00,20-20,00,00,00,00,00,10,20,00,00,00,00,00,00,00,00,00,510,710,00,00,10,10,00,00-00,00,00,00,00,00,00,00,00,00,00,00,00,00,00,00,00,510,710,00,00,00,00,00,00-20,00,00,00,00,00,20,00,00,00,00,00,00,00,00,00,00,510,710,00,00,00,20,00,00-00,10,00,00,00,00,00,00,00,20,00,00,00,00,00,00,00,510,710,00,00,00,00,00,00-00,00,00,00,00,00,00,00,10,30,00,00,00,00,00,00,00,510,710,00,00,00,00,00,00-00,00,00,00,00,00,00,10,00,00,00,00,00,20,00,10,00,510,710,00,00,00,00,10,10-00,00,00,00,30,00,00,00,00,00,00,00,00,00,00,20,00,510,710,00,00,00,00,00,00-00,00,00,00,00,00,00,00,00,00,00,00,00,00,00,00,00,510,710,00,00,00,00,00,00-00,00,00,00,00,00,00,00,00,00,00,00,00,00,00,00,20,510,710,00,00,00,00,00,00-00,00,00,00,00,00,00,00,00,00,00,00,00,30,00,00,00,510,410,69,69,69,69,69,69-00,00,00,00,00,10,00,00,00,30,10,00,00,00,00,00,00,511,611,611,611,611,611,611,611-00,00,00,00,00,10,00,00,00,30,00,00,00,00,00,00,00,00,00,00,00,00,00,00,00-00,00,00,30,00,20,00,20,00,10,00,00,00,00,00,00,00,00,00,00,00,00,00,00,20-00,00,00,00,00,00,00,10,00,00,00,30,00,00,00,00,00,00,00,00,00,00,00,00,00-00,30,00,00,00,00,00,00,00,00,20,00,00,00,00,00,00,00,00,00,00,00,00,00,10-00,00,00,00,20,00,00,00,00,00,20,00,00,00,00,00,00,00,00,00,00,00,00,00,00-00,00,00,00,00,00,00,00,00,00,00,00,00,00,00,00,00,00,00,00,00,00,00,00,30
40,50,61,71,61,71,61,71,40,50,40,50,40,50,61,71,40,50,40,50,40,50,0,0,0-61,71,62,72,62,72,62,72,61,71,61,71,61,71,62,72,61,71,61,71,61,71,0,0,0-62,72,61,71,61,71,61,71,62,72,62,72,62,72,61,71,42,52,42,52,42,52,0,0,0-61,71,42,52,42,52,42,52,61,71,61,71,61,71,42,52,0,0,0,0,0,0,0,0,0-62,72,0,0,0,0,0,0,42,52,42,52,42,52,0,0,0,0,0,0,0,0,0,0,0-61,71,0,0,0,0,0,0,0,0,0,0,0,0,0,0,0,0,0,0,0,0,0,0,0-62,72,0,0,0,0,0,0,0,0,0,0,0,0,0,0,0,0,0,0,0,0,0,0,0-61,71,0,0,0,0,0,0,0,0,0,0,60,70,0,0,0,0,0,0,0,0,0,0,0-62,72,0,0,0,0,0,0,0,0,0,0,41,51,0,0,0,0,0,0,0,0,0,0,0-61,71,60,70,0,0,60,70,0,0,0,0,42,52,0,0,0,0,0,0,0,0,0,0,0-62,72,61,71,0,0,41,51,0,0,0,0,0,0,0,0,0,0,0,0,0,0,0,0,0-61,71,42,52,0,0,42,52,0,0,0,0,0,0,0,0,0,0,0,0,0,0,0,0,0-62,72,0,0,0,0,0,0,0,0,0,0,0,0,0,0,0,0,0,0,0,0,0,0,0-61,71,0,0,0,0,0,0,60,70,0,0,0,0,0,0,0,0,0,0,0,0,0,0,0-62,72,60,70,0,0,0,0,41,51,0,0,0,0,0,0,0,0,0,0,0,0,0,0,0-61,71,61,71,0,0,0,0,42,52,0,0,0,0,0,0,0,0,0,0,0,0,0,0,0-62,72,42,52,0,0,0,0,0,0,0,0,0,0,0,0,0,0,0,0,0,0,0,0,0-61,71,0,0,0,60,70,0,0,0,0,0,0,60,70,0,0,0,0,0,0,0,0,0,0-62,72,0,0,0,41,51,0,0,0,60,70,0,41,51,0,0,0,0,0,0,0,0,0,0-61,71,0,0,0,42,52,0,0,0,41,51,0,42,52,0,0,0,0,0,0,0,0,0,0-62,72,0,0,0,0,0,0,0,0,42,52,0,0,0,0,0,0,0,0,0,0,0,0,0-61,71,60,70,0,0,0,0,0,0,0,0,0,0,0,0,0,0,0,0,0,0,60,70,0-62,72,61,71,60,70,60,70,60,70,0,0,60,70,60,70,0,0,0,0,60,70,61,71,60-61,71,62,72,61,71,61,71,61,71,60,70,61,71,61,71,60,70,60,70,61,71,62,72,61-62,72,61,71,62,72,62,72,62,72,61,71,62,72,62,72,61,71,61,71,62,72,61,71,62
false
2
6
kevin
</mapData>

















