<mapData>
3x-2
00,00,00,00,30,00,00,00,00,00,00,00,00,00,00,00,00,00,00,00,00,00,00,00,00-00,00,00,00,00,00,00,00,00,00,00,00,00,00,00,00,00,00,00,00,00,00,00,00,00-00,30,00,00,00,00,00,00,00,00,30,00,00,00,00,00,00,00,00,00,00,00,00,00,00-00,00,00,00,00,00,00,00,00,00,00,00,00,20,00,10,00,00,00,20,30,00,00,00,00-00,00,00,00,00,00,00,00,00,00,017,117,217,00,00,00,00,00,00,00,30,00,00,00,00-00,00,00,00,00,00,00,00,00,00,018,118,219,30,00,00,00,00,00,00,00,00,00,00,00-00,00,00,20,00,017,117,117,117,117,118,218,00,00,00,00,00,00,10,00,00,10,00,00,00-00,00,00,00,00,019,119,119,119,119,118,218,00,00,00,00,00,00,00,00,00,00,00,00,00-00,00,00,00,20,00,00,00,00,00,018,218,00,00,00,20,00,00,00,20,00,00,00,20,00-00,00,00,00,00,00,00,00,00,00,019,219,00,00,00,00,00,10,00,00,00,00,00,00,00-00,00,00,30,30,526,626,626,626,626,121,121,626,626,626,626,626,626,626,626,626,626,626,626,626-00,00,00,00,00,527,627,627,627,627,121,121,627,627,627,627,627,627,627,627,627,627,627,627,627-00,00,00,00,00,527,627,627,627,627,121,121,627,627,627,627,627,627,627,627,627,627,627,627,627-00,00,00,00,00,528,628,628,628,628,121,121,628,628,628,628,628,628,628,628,628,628,628,628,628-00,00,00,00,00,527,627,627,627,727,16,16,16,16,16,16,16,16,16,16,16,16,16,16,16-00,00,00,00,00,527,627,627,627,727,16,16,16,16,16,16,16,16,16,16,16,16,16,16,16-00,00,00,00,00,526,626,626,626,726,16,16,16,16,16,16,16,16,16,16,16,16,16,16,16-10,30,00,00,00,527,627,627,627,727,16,16,16,16,16,16,16,16,16,16,16,16,16,16,16-00,00,00,00,30,527,627,627,627,727,16,16,16,16,16,16,16,16,16,16,16,16,16,16,16-00,00,00,00,00,527,627,627,627,727,16,16,16,16,16,16,16,16,16,16,16,16,16,16,16-626,626,626,626,626,629,627,627,627,727,16,16,16,16,16,16,16,16,16,16,16,16,16,16,16-627,627,627,627,627,627,627,627,627,727,16,16,16,16,16,16,16,16,16,16,16,16,16,16,16-627,627,627,627,627,627,627,627,627,727,16,16,16,16,16,16,16,16,16,16,16,16,16,16,16-627,627,627,627,627,627,627,627,627,727,16,16,16,16,16,16,16,16,16,16,16,16,16,16,16-627,627,627,627,627,627,627,627,627,727,16,16,16,16,16,16,16,16,16,16,16,16,16,16,16
72,62,72,42,52,42,52,42,52,42,52,42,52,61,71,61,71,61,71,60,70,60,70,0,0-71,61,71,0,0,0,0,0,0,0,0,0,0,62,72,62,72,62,72,61,71,61,71,0,0-72,62,72,0,054,154,254,354,454,0,0,0,0,61,71,61,71,61,71,62,72,62,72,0,0-71,61,71,0,055,155,255,355,455,0,0,0,0,42,52,42,52,62,72,61,71,61,71,60,70-72,62,72,0,056,156,256,356,456,0,0,0,0,0,0,0,0,61,71,62,72,62,72,61,71-71,61,71,0,057,157,257,357,457,0,0,0,0,0,0,0,0,62,72,61,71,61,71,62,72-72,62,72,0,0,0,0,0,0,0,0,0,0,0,0,60,70,61,71,62,72,62,72,61,71-71,61,71,60,70,0,0,0,0,0,0,0,0,0,0,61,71,62,72,61,71,61,71,42,52-52,42,52,61,71,0,0,0,0,0,0,0,0,0,0,42,52,61,71,42,52,42,52,0,0-0,0,0,62,72,0,0,0,0,0,0,0,0,0,0,0,0,42,52,0,0,0,0,0,0-0,0,0,61,71,526,626,626,626,726,0,0,526,626,626,626,626,626,626,626,626,626,626,626,626-0,0,0,42,52,527,627,627,627,727,0,0,527,627,627,627,627,627,627,627,627,627,627,627,627-0,0,0,0,0,527,627,627,627,727,0,0,527,627,627,627,627,627,627,627,627,627,627,627,627-0,0,0,0,0,527,627,627,627,727,0,0,528,628,628,628,628,628,628,628,628,628,628,628,628-0,0,0,0,0,527,627,627,627,727,0,0,0,0,0,0,0,0,0,0,0,0,0,0,0-0,0,0,0,0,527,627,627,627,727,0,0,0,0,0,0,0,0,0,0,0,0,0,0,0-0,0,0,0,0,527,627,627,627,727,0,0,0,0,0,0,0,0,0,0,0,0,0,0,0-0,0,0,0,0,527,627,627,627,727,0,0,0,0,0,0,0,0,0,0,0,0,0,0,0-0,0,0,0,0,527,627,627,627,727,0,0,0,0,0,0,0,0,0,0,0,0,0,0,0-0,0,0,0,0,527,627,627,627,727,0,0,0,0,0,0,0,0,0,0,0,0,0,0,0-626,626,626,626,626,627,627,627,627,727,0,0,0,0,0,0,0,0,0,0,0,0,0,0,0-627,627,627,627,627,627,627,627,627,727,0,0,0,0,0,0,0,0,0,0,0,0,0,0,0-627,627,627,627,627,627,627,627,627,727,0,0,0,0,0,0,0,0,0,0,0,0,0,0,0-627,627,627,627,627,627,627,627,627,727,0,0,0,0,0,0,0,0,0,0,0,0,0,0,0-627,627,627,627,627,627,627,627,627,727,0,0,0,0,0,0,0,0,0,0,0,0,0,0,0
false
3
-2
kevin
</mapData>











