<mapData>
3x3
00,00,00,00,10,00,10,00,00,00,00,00,00,00,30,00,30,00,00,00,00,00,00,00,00-00,30,00,00,01,00,00,30,00,00,00,00,10,00,00,00,00,30,00,20,00,00,00,00,00-00,00,00,01,01,01,01,01,30,00,00,00,00,00,00,00,00,00,00,00,00,00,00,00,00-00,00,00,00,01,01,01,01,01,00,00,00,00,00,10,00,00,00,10,00,00,00,00,30,10-00,00,00,00,01,01,01,01,01,00,00,00,00,00,00,00,00,00,00,00,00,00,00,00,00-00,20,00,00,00,00,01,01,00,00,00,00,01,00,01,01,00,00,00,00,00,00,00,00,00-00,00,00,00,00,00,00,00,00,00,00,01,01,01,01,01,01,00,00,00,00,00,00,00,00-00,00,00,00,00,00,00,00,00,00,00,01,01,01,01,01,01,01,00,00,00,00,00,00,00-00,00,00,00,00,00,00,00,30,00,00,00,00,01,01,01,01,01,00,00,00,00,00,30,20-00,00,00,00,00,00,00,00,30,00,00,10,00,30,00,01,01,00,00,00,00,00,00,30,00-00,00,30,00,00,00,00,00,00,00,00,00,00,00,00,00,00,00,00,00,00,00,00,00,00-00,00,30,00,00,00,00,00,00,00,00,00,00,00,20,00,00,00,00,00,00,00,00,00,00-00,00,00,00,00,00,00,00,00,00,00,00,00,00,00,00,10,00,00,00,00,00,00,00,00-00,00,20,10,20,00,00,00,00,00,00,00,00,00,00,00,00,00,00,00,00,00,00,00,10-00,00,00,20,00,00,00,00,00,00,00,00,00,00,00,30,00,00,00,00,00,00,00,00,00-00,00,01,00,00,01,01,20,00,00,00,00,30,00,00,00,00,00,00,00,00,00,00,00,00-00,01,01,00,00,01,01,00,00,30,00,00,00,00,00,00,00,00,00,00,00,00,00,00,00-00,00,01,00,01,00,01,01,00,00,00,00,00,00,00,00,00,00,00,00,00,00,00,00,00-00,00,01,01,01,01,01,00,01,01,00,00,00,00,20,00,00,00,00,00,00,00,00,00,00-00,01,00,01,00,00,01,01,00,01,00,00,00,00,00,00,10,00,00,00,00,00,00,00,00-00,00,00,10,01,01,00,00,10,00,30,00,00,00,00,00,00,00,00,00,00,30,00,00,00-00,00,00,59,69,69,69,69,69,69,69,69,69,69,79,00,00,00,00,59,69,69,69,69,69-00,00,00,510,411,611,611,611,611,611,611,611,611,311,410,69,69,69,69,310,411,611,611,611,611-10,00,00,510,710,00,00,00,00,00,00,00,00,511,611,611,611,611,611,611,711,00,00,00,00-00,00,00,510,710,00,30,00,00,00,00,00,20,00,00,00,30,00,00,00,00,00,00,00,00
0,0,0,0,0,0,0,0,0,0,0,0,0,0,0,0,0,0,0,0,0,0,0,0,0-0,0,0,0,0,0,0,0,0,0,0,0,0,0,0,0,0,0,0,0,0,0,0,0,0-0,0,0,0,0,0,0,0,0,0,0,0,0,0,0,0,0,0,329,429,529,0,0,0,0-0,0,0,0,0,0,0,0,0,0,0,0,0,0,0,0,0,0,330,430,530,0,0,0,0-0,0,0,0,0,0,0,0,0,0,0,0,0,0,0,0,0,0,331,431,531,0,0,0,0-0,0,0,0,0,0,0,0,0,0,0,0,0,0,0,0,0,0,0,0,0,0,0,0,0-0,60,70,60,70,0,0,4151,5151,6151,7151,0,0,0,0,0,0,0,0,0,0,0,0,0,0-0,61,71,61,71,60,70,4152,5152,6152,7152,0,0,0,0,0,0,0,0,0,0,0,0,0,0-0,62,72,62,72,61,71,4153,5153,6153,7153,0,0,0,0,0,0,0,0,0,0,0,0,0,0-70,61,71,61,71,62,72,4154,5154,6154,7154,0,0,60,70,0,0,60,70,0,0,60,70,60,70-71,62,72,62,72,61,71,0,0,0,0,0,0,61,71,60,70,61,71,60,70,61,71,61,71-72,61,71,61,71,62,72,60,70,60,70,0,0,62,72,61,71,62,72,61,71,62,72,62,72-71,62,72,62,72,41,51,61,71,61,71,60,70,61,71,62,72,61,71,62,72,61,71,61,71-72,41,51,61,71,42,52,62,72,62,72,61,71,62,72,61,71,62,72,61,71,62,72,62,72-71,42,52,62,72,0,0,41,51,61,71,62,72,61,71,62,72,61,71,62,72,61,71,61,71-72,0,0,41,51,0,0,42,52,62,72,61,71,62,72,61,71,62,72,61,71,62,72,62,72-51,0,0,42,52,0,0,0,0,41,51,62,72,61,71,62,72,61,71,62,72,61,71,41,51-52,0,0,0,0,0,0,0,0,42,52,61,71,62,72,61,71,62,72,41,51,62,72,42,52-0,0,0,0,0,0,0,0,0,0,0,62,72,41,51,62,72,61,71,42,52,41,51,0,0-0,0,0,0,0,0,0,0,0,0,0,41,51,42,52,41,51,62,72,0,0,42,52,0,0-0,0,0,0,0,0,0,0,0,0,0,42,52,0,0,42,52,41,51,0,0,0,0,0,0-0,0,0,0,0,0,0,0,0,0,0,0,0,0,0,0,0,42,52,0,0,0,0,0,0-0,0,0,0,0,0,0,0,0,0,0,0,0,0,0,0,0,0,0,0,0,0,0,0,0-0,0,0,0,0,0,0,0,0,60,70,60,70,0,0,0,0,0,0,0,0,0,0,0,0-0,0,0,0,0,0,0,0,0,61,71,61,71,0,0,0,0,0,0,0,0,0,0,0,0
false
3
3
kevin
</mapData>
<pokemon>
10
50
10
14
</pokemon>
<pokemon>
13
50
10
14
</pokemon>
<pokemon>
16
50
10
15
</pokemon>
<pokemon>
20
5
10
14
</pokemon>

<mapTransition>
8
10
75mHa6yJQGbHhec
haveUndergroundPassageKey

You need the Underground passage key.
true
false
false
false




xxarSQLVLr2v9BD
</mapTransition>
<mapTransition>
8
10
ngtGDLk6fzOQfiH



true
false
false
false




ruiHwQbHarIdc6x
</mapTransition>










<personAction>
10
5
onasvc8fX0vosWG



false
true
false
false
/images/chars/badboy1.png

-16
actionObject spritely
badboy1

u
</personAction>
<personAction>
9
5
g6k7jhKghA4XBlX



false
true
false
false
/images/chars/badboy1.png

-16
actionObject spritely
badboy1

u
</personAction>
<personAction>
9
5
g6k7jhKghA4XBlX



false
true
false
false
/images/chars/badboy1.png

-16
actionObject spritely
badboy1

u
</personAction>

<messagePersonAction>
9
5
g6k7jhKghA4XBlX



false
true
false
false
/images/chars/badboy1.png

-16
actionObject spritely
badboy1

u
Hey you.; The house behind us has an underground passage.; Where selling the key.; Wanna buy it?
</messagePersonAction>




<altMapData>
false
false
true


haveUndergroundPassageKey
0
</altMapData>
















