<mapData>
3x5
00,00,00,00,00,00,00,00,00,00,00,00,00,00,00,00,30,20,00,00,10,00,00,00,00-00,00,30,30,00,00,00,00,00,00,00,00,00,00,00,00,00,10,00,00,00,00,00,30,00-00,00,00,00,00,00,00,00,00,00,00,00,00,00,00,20,00,00,00,10,00,00,00,00,00-30,00,00,20,00,00,00,00,00,00,00,00,00,00,00,00,00,00,00,00,10,00,00,00,00-00,00,00,00,00,00,00,00,00,00,00,00,20,00,00,00,00,00,00,00,00,00,00,00,00-10,20,00,00,00,00,00,00,00,00,00,00,00,00,00,00,00,00,00,00,00,00,10,00,00-00,00,00,00,00,00,00,00,00,00,10,00,10,00,00,00,30,00,00,20,00,00,00,30,00-00,00,00,00,00,00,00,00,00,20,00,00,00,00,00,00,00,00,00,00,00,00,00,00,00-00,00,00,00,00,00,00,00,00,00,00,00,00,00,00,00,00,00,00,00,00,00,00,00,00-00,10,00,00,00,00,00,00,00,00,00,00,00,00,20,00,00,00,00,00,00,10,00,00,00-00,00,20,10,00,00,00,00,00,00,20,00,00,00,00,30,00,00,00,00,00,00,00,00,10-00,00,20,00,00,00,00,00,00,00,00,00,00,00,00,00,00,00,00,00,00,00,00,00,00-00,00,00,00,00,00,00,00,00,00,00,00,00,00,00,20,00,00,00,00,00,00,00,00,00-00,00,00,00,00,00,00,00,10,00,00,00,30,00,00,20,00,00,00,00,00,00,00,00,00-00,00,00,00,00,10,30,00,00,00,00,10,00,00,00,00,00,00,00,00,00,00,00,00,00-00,00,00,00,00,01,01,30,01,01,01,00,00,00,00,01,00,00,00,00,00,00,00,00,00-00,20,00,00,10,00,01,01,01,01,01,01,00,00,01,01,00,00,00,00,00,00,00,00,00-00,00,00,00,00,10,00,01,01,01,01,01,00,01,01,01,01,00,00,00,00,00,00,00,00-00,00,00,00,00,00,00,00,00,00,01,00,00,01,00,01,00,00,00,00,00,00,00,00,00-00,00,00,10,00,00,00,00,00,00,01,01,00,00,01,00,01,00,00,00,00,30,00,20,30-00,00,00,00,00,00,00,00,00,01,01,01,20,01,01,01,01,00,00,00,30,00,00,00,20-01,01,01,00,00,00,00,01,01,01,01,01,01,01,01,00,00,00,00,00,20,00,00,10,00-00,01,01,01,01,01,00,01,00,00,00,00,00,00,00,00,10,00,00,30,00,00,00,00,00-30,00,00,00,00,00,00,00,00,10,00,00,00,00,10,00,00,00,00,20,00,00,00,00,00-00,00,00,00,30,00,10,00,00,00,00,00,00,00,00,00,00,00,20,00,00,00,30,00,00
71,62,72,61,71,62,72,61,71,61,71,62,72,62,72,61,71,62,72,62,72,61,71,61,71-72,61,71,62,72,61,71,62,72,62,72,61,71,61,71,62,72,61,71,61,71,62,72,62,72-71,62,72,41,51,62,72,61,71,61,71,62,72,62,72,61,71,62,72,62,72,61,71,61,71-72,61,71,42,52,41,51,62,72,62,72,61,71,61,71,62,72,61,71,61,71,62,72,62,72-71,62,72,0,0,42,52,41,51,41,51,42,52,62,72,61,71,62,72,62,72,61,71,61,71-72,61,71,0,0,0,0,42,52,42,52,0,0,61,71,62,72,61,71,61,71,62,72,62,72-71,62,72,0,0,329,429,429,429,429,429,429,529,62,72,61,71,62,72,62,72,61,71,61,71-72,61,71,0,0,330,430,430,430,430,430,430,530,61,71,42,52,61,71,61,71,62,72,62,72-71,62,72,0,0,330,430,029,129,129,129,229,530,42,52,0,0,42,52,62,72,61,71,61,71-72,61,71,0,0,330,430,330,430,430,430,530,430,429,429,429,429,429,529,61,71,62,72,62,72-71,62,72,0,0,330,430,330,430,430,430,430,129,129,129,129,229,430,530,62,72,61,71,61,71-72,61,71,0,0,330,430,330,430,430,430,430,430,430,430,430,530,430,530,61,71,62,72,62,72-71,62,72,0,0,330,430,331,431,431,431,431,431,431,431,431,531,430,530,62,72,61,71,61,71-72,61,71,0,0,330,430,430,430,430,430,430,430,430,430,430,430,430,530,61,71,62,72,62,72-71,62,72,0,0,331,431,431,431,431,431,431,431,532,431,431,431,431,531,62,72,61,71,61,71-72,61,71,0,0,0,0,0,0,0,0,0,0,0,0,0,0,0,0,61,71,62,72,62,72-71,62,72,0,0,0,0,0,0,0,0,0,0,0,0,0,0,60,70,62,72,61,71,61,71-72,61,71,60,70,60,70,0,0,0,0,0,0,0,0,0,0,61,71,61,71,62,72,62,72-71,40,50,61,71,61,71,60,70,0,0,0,0,0,0,0,0,62,72,62,72,61,71,61,71-52,41,51,62,72,62,72,61,71,0,0,0,0,0,0,0,0,61,71,61,71,62,72,62,72-0,42,52,61,71,61,71,42,52,0,0,0,0,0,0,0,0,62,72,62,72,61,71,61,71-0,0,0,42,52,42,52,0,0,0,0,0,0,0,0,60,70,61,71,61,71,62,72,62,72-70,0,0,0,0,0,0,0,0,60,70,0,0,60,70,61,71,62,72,62,72,61,71,61,71-71,60,70,60,70,60,70,60,70,61,71,60,70,61,71,62,72,61,71,61,71,62,72,62,72-72,61,71,61,71,61,71,61,71,62,72,61,71,62,72,61,71,62,72,62,72,61,71,61,71
false
3
5
kevin
</mapData>








