<mapData>
3x6
00,62,72,62,72,62,72,62,72,61,71,62,72,61,71,62,72,61,71,61,71,62,72,62,72-00,61,71,61,71,61,71,61,71,62,72,61,71,62,72,61,71,62,72,62,72,61,71,61,71-00,62,72,62,72,62,72,62,72,00,00,62,72,00,00,62,72,00,00,00,00,62,72,62,72-00,00,00,30,00,00,00,00,00,00,00,00,00,00,00,00,00,00,00,00,00,00,20,61,71-00,00,00,00,00,00,00,00,00,00,00,00,00,00,00,00,00,00,00,00,00,00,00,62,72-10,00,00,00,00,00,20,00,00,00,00,00,00,00,20,00,00,00,00,00,00,00,00,61,71-00,00,00,00,20,00,00,00,00,00,00,00,00,00,00,00,00,00,00,00,00,00,00,62,72-00,00,00,20,00,00,00,00,00,00,00,00,00,00,00,00,00,00,00,00,00,00,00,61,71-00,10,30,00,00,00,00,00,00,00,00,00,00,00,00,00,00,00,00,00,20,00,00,42,52-20,20,00,00,00,00,00,00,00,00,00,00,00,00,00,00,00,20,00,00,00,00,00,20,00-00,00,00,00,20,20,00,00,00,00,00,00,10,00,00,20,00,00,00,00,00,00,00,00,00-00,30,00,00,00,00,00,00,00,00,00,20,00,00,00,00,00,00,00,00,00,00,00,00,00-00,10,20,00,00,20,00,00,00,00,00,00,00,00,00,00,00,00,00,00,30,00,00,00,00-00,00,00,00,00,00,00,30,00,00,00,00,00,00,00,59,69,69,69,69,69,69,69,69,69-00,00,00,00,00,00,00,00,00,10,00,00,00,00,00,510,411,611,611,611,611,611,611,611,611-00,00,00,20,00,00,00,00,00,00,00,00,10,00,00,510,710,00,00,00,00,00,00,00,00-00,00,00,00,00,00,00,00,00,00,00,00,00,00,00,510,710,00,00,00,00,00,00,00,00-69,69,69,69,69,69,69,79,00,00,00,00,00,00,00,510,710,00,00,00,00,00,00,00,00-611,611,611,611,611,611,311,710,00,00,00,00,00,00,00,510,710,00,00,00,00,00,00,00,00-00,00,00,10,00,00,510,710,00,00,00,00,00,00,20,510,710,00,00,00,00,00,00,00,00-00,00,00,00,00,00,510,410,69,69,69,69,69,69,69,310,710,00,00,30,00,00,00,00,00-00,00,00,20,00,30,511,611,611,611,611,611,611,611,611,611,711,00,00,00,00,00,00,00,00-00,00,00,00,10,00,00,00,00,00,00,00,00,00,20,00,00,00,10,00,10,00,00,00,00-00,00,00,00,00,00,30,00,00,00,00,00,00,00,00,00,30,00,00,30,00,00,00,20,00-00,00,00,00,10,00,00,00,00,00,00,00,00,10,00,30,00,00,00,00,00,00,00,00,00
0,0,0,0,0,0,0,0,0,0,0,0,0,0,0,0,0,0,0,0,0,0,0,0,0-0,0,0,0,0,0,0,0,0,0,0,0,0,0,0,0,0,0,0,0,0,0,0,0,0-0,0,0,0,0,0,0,0,0,0,0,0,0,0,0,0,0,0,0,0,0,0,0,0,0-0,0,0,0,0,0,0,0,0,0,0,0,0,0,0,0,0,0,0,0,0,0,0,0,0-0,0,0,0,0,0,0,0,0,0,0,0,0,0,0,0,0,0,0,0,0,0,0,0,0-0,0,0,0,0,0,0,0,0,0,0,0,0,0,0,0,0,0,0,0,0,0,0,0,0-0,0,0,0,0,0,0,0,0,0,0,0,0,0,0,0,0,0,0,0,0,0,0,0,0-0,0,0,0,0,0,0,0,0,0,0,0,0,0,0,0,0,0,0,0,0,0,0,0,0-0,0,0,0,0,0,0,0,0,0,0,0,0,0,0,0,0,0,0,0,0,0,0,0,0-0,0,0,0,0,0,0,0,0,0,0,0,0,0,0,0,0,0,0,0,0,0,0,0,0-0,0,0,0,0,0,0,0,0,0,0,0,0,0,0,0,0,0,0,0,0,0,0,0,0-0,0,0,0,0,0,0,0,0,0,0,0,0,0,0,0,0,0,0,0,0,0,0,0,0-0,0,0,0,0,0,0,0,0,0,0,0,0,0,0,0,0,0,0,0,0,0,0,0,0-0,0,0,0,0,0,0,0,0,0,0,0,0,0,0,0,0,0,0,0,0,0,0,0,0-0,0,0,0,0,0,0,0,0,0,0,0,0,0,0,0,0,0,0,0,0,0,0,0,0-0,0,0,0,0,0,0,0,0,0,0,0,0,0,0,0,0,0,0,0,0,0,0,0,0-0,0,0,0,0,0,0,0,0,0,0,0,0,0,0,0,0,0,0,0,0,0,0,0,0-0,0,0,0,0,0,0,0,0,0,0,0,0,0,0,0,0,0,0,0,0,0,0,0,0-0,0,0,0,0,0,0,0,0,0,0,0,0,0,0,0,0,0,0,0,0,0,0,0,0-0,0,0,0,0,0,0,0,0,0,0,0,0,0,0,0,0,0,0,0,0,0,0,0,0-0,0,0,0,0,0,0,0,0,0,0,0,0,0,0,0,0,0,0,0,0,0,0,0,0-0,0,0,0,0,0,0,0,0,0,0,0,0,0,0,0,0,0,0,0,0,0,0,0,0-0,0,0,0,0,0,0,0,0,0,0,0,0,0,0,0,0,0,0,0,0,0,0,0,0-0,0,0,0,0,0,0,0,0,0,0,0,0,0,0,0,0,0,0,0,0,0,0,0,0-0,0,0,0,0,0,0,0,0,0,0,0,0,0,0,0,0,0,0,0,0,0,0,0,0
false
3
6
kevin
</mapData>












