<mapData>
3x7
00,00,00,00,00,00,00,00,00,00,00,00,00,00,00,00,00,00,00,00,00,00,10,00,00-00,00,00,00,00,00,00,00,00,00,30,00,00,00,00,00,00,00,10,00,00,00,00,00,00-00,00,00,00,00,00,00,00,00,00,00,00,00,00,00,10,00,00,00,00,00,00,00,00,00-00,00,00,00,00,00,00,00,00,00,20,00,00,00,00,00,00,10,00,00,00,00,00,00,00-00,00,00,00,00,00,00,00,00,00,00,00,00,00,00,00,00,00,00,00,00,00,20,00,00-00,00,00,00,00,00,00,00,00,00,00,00,00,00,00,00,00,00,00,00,00,00,00,00,00-00,00,00,00,00,10,00,10,00,00,00,00,00,00,00,00,00,00,00,20,00,10,00,00,20-00,00,00,00,00,00,00,00,00,00,20,00,00,00,00,00,00,00,00,00,00,00,00,00,00-00,00,00,00,00,00,00,00,00,00,00,00,00,00,00,20,00,00,00,10,00,00,00,00,00-00,00,00,00,10,00,00,00,00,00,00,00,00,00,00,00,00,00,30,00,00,00,00,00,00-00,00,20,00,20,00,00,00,00,00,00,20,00,00,00,00,00,00,00,00,00,00,00,00,00-00,00,00,00,00,00,00,00,00,00,00,00,00,20,00,10,10,00,00,00,00,00,00,00,00-00,00,00,00,00,00,00,00,00,00,00,00,00,00,20,00,00,00,30,00,30,00,00,00,00-00,00,00,00,00,00,00,00,00,00,00,00,00,00,00,00,00,00,00,00,00,00,00,00,00-20,00,10,00,00,00,00,00,00,00,20,00,00,10,00,00,00,00,00,00,00,00,00,00,00-00,00,00,00,00,00,00,00,00,00,00,00,00,00,00,00,00,00,00,00,00,00,00,00,00-00,00,00,00,00,00,00,00,00,00,00,00,00,10,00,00,00,00,00,20,00,30,10,00,00-00,00,00,00,00,00,00,00,00,00,20,00,00,00,00,00,00,00,00,00,00,00,00,00,00-00,00,00,00,00,00,00,00,00,00,00,00,00,00,00,00,00,00,00,00,00,00,00,10,00-00,00,00,10,00,00,00,00,00,00,00,00,00,00,00,00,00,00,10,00,00,00,00,00,00-00,00,00,00,00,00,00,00,00,00,00,00,00,00,00,00,00,00,00,00,00,00,00,00,00-00,00,00,00,30,00,00,00,00,00,00,00,00,00,00,00,00,00,00,00,00,00,10,00,00-00,00,20,00,00,00,00,00,00,20,00,00,10,00,00,10,00,00,00,00,00,00,00,00,00-10,00,10,00,00,00,00,00,00,00,00,00,00,20,00,00,00,00,00,00,00,00,20,00,00-00,20,00,00,00,00,20,00,00,30,00,30,00,00,00,00,00,00,00,00,00,00,00,00,00
71,62,72,61,71,62,72,61,71,0,0,0,0,0,0,0,0,61,71,62,72,61,71,61,71-72,61,71,62,72,61,71,62,72,0,0,0,0,0,0,0,0,62,72,61,71,62,72,62,72-71,62,72,61,71,62,72,61,71,0,0,0,0,0,0,60,70,61,71,62,72,61,71,61,71-72,61,71,62,72,61,71,62,72,0,0,0,0,0,0,61,71,62,72,61,71,62,72,62,72-71,62,72,61,71,62,72,61,71,60,70,0,0,0,0,42,52,61,71,42,52,61,71,61,71-72,61,71,62,72,61,71,62,72,61,71,0,0,0,0,0,0,42,52,0,0,62,72,62,72-71,62,72,61,71,62,72,61,71,62,72,0,0,0,0,0,0,0,0,0,0,61,71,61,71-72,61,71,62,72,61,71,62,72,61,71,0,0,0,0,0,0,0,0,0,0,62,72,62,72-71,62,72,61,71,62,72,61,71,42,52,0,0,0,0,0,0,0,0,0,0,61,71,61,71-72,61,71,62,72,61,71,42,52,0,0,0,0,0,0,0,0,0,0,0,0,42,52,62,72-71,62,72,61,71,42,52,0,0,0,0,0,0,0,0,0,0,0,0,0,0,0,0,61,71-72,61,71,62,72,0,0,0,0,0,0,526,726,0,0,0,0,0,526,626,726,0,0,62,72-71,62,72,61,71,0,0,0,526,626,626,629,729,726,0,0,0,0,527,627,727,0,0,61,71-72,61,71,62,72,0,0,0,528,630,627,627,627,729,726,0,0,526,629,730,728,0,0,62,72-71,62,72,61,71,0,0,0,0,528,628,630,627,627,729,626,626,629,730,728,0,0,0,61,71-72,61,71,62,72,0,0,0,0,0,0,528,630,627,730,628,628,628,728,0,0,0,0,62,72-71,62,72,61,71,60,70,0,0,0,0,0,528,628,728,0,0,0,0,0,0,60,70,61,71-72,61,71,62,72,61,71,60,70,0,0,0,0,0,0,0,0,0,0,60,70,61,71,62,72-71,62,72,61,71,62,72,61,71,60,70,60,70,0,0,60,70,60,70,61,71,62,72,61,71-72,61,71,62,72,61,71,62,72,61,71,61,71,60,70,61,71,61,71,62,72,61,71,62,72-71,62,72,61,71,62,72,61,71,62,72,62,72,61,71,62,72,62,72,61,71,62,72,61,71-72,61,71,62,72,61,71,62,72,61,71,61,71,62,72,61,71,61,71,62,72,61,71,62,72-71,62,72,61,71,62,72,61,71,62,72,62,72,61,71,62,72,62,72,61,71,62,72,61,71-72,61,71,62,72,61,71,62,72,61,71,61,71,62,72,61,71,61,71,62,72,61,71,62,72-71,62,72,61,71,62,72,61,71,62,72,62,72,61,71,62,72,62,72,61,71,62,72,61,71
false
3
7
kevin
</mapData>

















