<mapData>
4x-4
00,00,00,00,00,00,00,00,00,00,00,00,00,00,10,00,00,00,00,00,00,00,00,00,20-00,00,00,00,00,10,00,00,00,00,00,00,00,00,00,00,00,00,30,00,00,00,00,00,20-00,00,00,00,00,00,00,10,00,00,00,00,00,00,00,00,00,00,00,00,00,00,00,30,00-30,00,00,00,00,00,00,00,00,30,00,00,00,00,00,00,20,00,00,00,20,00,00,00,30-00,00,00,00,00,00,00,00,00,00,00,00,00,00,00,00,00,00,00,00,00,00,00,00,00-00,00,00,00,00,00,00,00,00,00,00,00,00,00,00,00,00,00,00,00,00,00,00,00,30-20,00,00,00,00,00,00,00,00,00,00,00,00,00,00,00,00,00,00,00,00,00,20,00,20-00,00,00,00,00,00,00,00,00,00,00,00,00,00,00,00,00,00,00,00,00,10,00,00,00-00,10,00,00,00,00,00,00,00,00,00,00,00,00,00,00,00,00,00,00,00,00,00,00,00-00,00,00,00,00,00,00,00,00,20,00,00,00,20,00,00,20,00,30,00,00,00,00,00,10-00,00,00,00,00,00,00,00,00,00,00,00,00,00,00,00,00,00,00,00,00,00,00,30,00-00,00,00,00,00,00,00,20,00,00,00,00,00,00,30,00,00,00,00,00,30,00,00,00,00-00,00,00,00,00,00,00,00,00,00,00,00,00,00,20,00,00,00,00,00,00,00,00,00,00-30,00,00,00,00,10,00,00,00,00,00,00,00,00,00,00,00,00,00,00,00,00,00,00,00-00,00,00,00,00,00,00,00,00,00,00,00,00,00,00,20,00,00,30,00,10,00,10,00,00-00,00,00,00,00,00,00,00,00,00,00,00,00,00,00,00,00,00,00,00,00,00,00,00,00-00,00,00,00,00,30,00,00,00,00,00,00,00,00,00,00,00,00,00,00,00,00,00,00,00-00,00,00,00,00,10,00,00,00,00,00,00,00,00,00,00,00,20,00,00,00,20,00,00,00-00,00,00,00,00,00,10,00,00,00,30,00,00,00,00,00,00,00,00,00,00,00,30,00,30-00,30,00,00,00,00,00,00,00,00,00,20,00,00,00,00,00,00,30,00,00,00,00,00,00-00,00,00,20,00,00,00,00,00,00,00,00,00,00,00,00,00,00,00,00,00,00,00,00,00-00,00,00,00,20,00,00,00,00,00,00,00,00,00,00,00,00,00,00,00,00,00,00,00,00-00,00,00,00,00,00,00,00,30,00,00,00,00,10,00,00,10,00,00,00,00,20,00,00,00-00,00,00,00,00,00,00,00,00,00,00,30,00,00,00,00,00,30,30,00,00,00,00,00,00-00,00,00,00,00,00,00,00,00,00,00,00,00,00,00,00,00,00,00,00,00,00,00,00,00
0,0,16,0,16,0,13,0,16,0,0,0,16,0,13,0,0,16,0,13,0,16,0,0,0-0,0,16,0,16,0,13,0,16,16,16,16,16,0,13,0,0,16,0,13,0,16,0,16,0-0,0,16,0,16,0,13,0,16,0,0,0,16,0,13,0,0,0,0,13,0,16,0,16,0-0,0,16,0,16,0,13,0,0,0,0,0,16,0,13,13,13,13,13,13,0,16,0,16,0-0,0,16,0,16,0,13,13,13,13,0,0,16,0,0,0,0,0,0,0,0,16,0,16,0-0,0,16,0,16,0,0,0,0,13,0,0,16,16,16,16,16,16,16,16,16,16,0,16,0-0,17,16,0,16,16,16,16,0,13,0,0,0,0,0,0,0,0,0,0,0,0,0,16,0-0,17,0,0,0,0,0,16,0,13,0,16,16,16,16,16,16,16,16,16,16,16,16,16,0-0,16,0,16,16,16,0,16,0,13,0,16,0,0,0,0,0,0,0,0,0,0,0,0,0-0,16,0,16,0,16,0,16,0,13,0,16,16,16,16,16,16,16,16,16,16,16,16,0,0-0,16,0,16,0,16,0,16,0,13,0,16,0,16,16,16,16,0,16,0,16,0,16,0,0-0,16,0,16,0,16,0,16,0,13,0,16,0,0,0,0,0,0,16,0,16,0,16,0,0-0,16,0,16,0,16,0,16,0,13,13,13,13,13,13,13,13,0,16,0,16,0,16,0,0-0,16,0,16,0,16,0,16,0,13,0,0,0,0,0,0,13,0,16,0,16,0,16,0,0-0,16,0,16,0,16,0,16,0,0,0,16,16,16,16,0,13,0,16,0,16,0,16,0,0-0,16,0,16,0,16,0,16,16,16,16,16,0,0,16,0,13,0,16,0,16,0,16,0,0-0,16,0,16,0,16,0,0,0,0,0,0,0,0,16,0,13,0,16,0,16,0,16,0,0-0,16,0,16,0,16,16,16,16,16,16,16,16,0,16,0,13,0,16,0,16,0,16,0,0-0,16,0,16,0,16,0,0,0,0,0,0,16,0,16,0,13,0,16,0,16,0,16,0,0-0,16,0,16,0,16,0,0,0,0,0,0,16,0,16,0,13,0,16,0,16,0,16,0,16-0,16,0,16,0,16,0,0,0,0,0,0,16,0,16,0,13,0,16,0,16,0,16,0,0-0,16,0,16,0,16,0,0,0,0,0,0,16,0,16,0,13,0,16,0,16,0,16,0,0-0,16,16,16,0,16,16,16,16,16,16,16,16,0,16,0,13,0,16,0,16,0,0,0,0-0,0,0,0,0,0,0,0,0,0,0,0,0,0,16,0,13,0,16,0,16,16,16,16,16-0,0,0,0,0,0,0,0,0,0,0,0,0,0,16,0,13,0,16,0,0,0,0,0,0
false
4
-4
kevin
</mapData>

















