<mapData>
4x-6
00,00,00,20,00,00,00,20,10,00,00,00,00,10,00,00,00,00,00,20,00,00,00,00,00-10,20,00,00,00,00,00,00,00,00,00,00,00,00,00,20,00,00,00,00,00,00,00,00,00-00,00,00,00,00,00,00,00,00,00,00,00,00,00,00,20,20,00,00,00,00,00,00,00,00-00,10,00,00,00,00,00,00,00,00,00,00,00,00,00,00,00,00,00,20,00,00,10,00,10-00,00,00,10,00,00,00,00,00,10,00,00,00,00,00,00,00,00,00,10,00,00,00,00,00-00,00,00,00,30,00,00,00,00,00,00,00,00,00,00,00,00,00,30,00,00,00,00,00,20-00,00,00,00,00,00,00,00,20,00,00,00,00,00,00,00,00,00,00,00,00,00,00,00,00-00,00,00,00,00,00,10,00,00,00,00,00,00,00,00,00,00,00,00,00,00,00,00,00,00-00,00,00,00,00,00,00,00,00,00,00,00,00,00,00,00,00,30,00,00,00,00,20,00,00-00,00,00,00,00,30,00,00,00,00,00,00,20,10,00,00,00,00,00,00,00,00,00,20,00-20,00,00,00,00,10,00,00,00,00,00,00,00,10,00,00,00,00,00,30,00,00,00,00,00-00,00,00,00,00,00,00,00,00,00,00,00,00,00,00,00,00,00,00,00,00,00,00,00,00-00,00,00,30,00,00,00,00,00,10,10,00,00,10,00,00,30,30,00,00,00,00,00,30,00-00,00,00,30,00,00,00,00,00,00,00,00,00,00,00,00,00,00,00,00,00,00,00,00,30-00,00,20,00,00,00,10,00,00,00,00,30,00,00,00,00,00,00,00,00,00,00,00,00,00-00,00,00,00,00,00,20,00,00,00,30,00,00,00,00,00,00,00,00,10,00,00,00,00,00-00,00,00,00,10,00,20,00,00,00,00,00,00,00,00,00,00,00,00,00,00,20,00,00,00-00,00,00,00,00,00,00,00,00,00,00,00,00,00,10,30,00,00,00,00,00,30,00,00,00-00,00,00,00,00,00,00,00,30,00,00,00,00,00,00,20,00,00,00,00,00,00,00,00,00-00,00,00,30,00,00,00,00,00,00,00,00,00,00,00,00,00,00,00,00,00,00,00,00,00-00,00,00,00,00,00,20,00,00,00,00,00,00,00,00,00,00,00,00,00,00,00,00,00,00-30,00,00,00,00,00,00,00,20,00,00,00,00,00,00,00,00,00,00,20,30,00,00,00,00-00,20,00,00,00,00,00,00,00,00,00,00,00,00,00,00,00,00,00,00,00,00,00,00,00-00,10,00,00,00,00,00,00,00,00,00,00,00,00,00,00,00,00,00,00,00,00,00,00,00-00,00,00,00,20,00,00,00,00,00,30,00,00,00,00,00,00,00,00,00,00,00,00,00,00
0,0,0,0,0,0,0,0,0,0,0,0,0,0,0,0,0,0,0,0,0,0,0,0,0-0,0,0,0,0,0,0,0,0,0,0,0,0,0,0,0,0,0,0,0,0,0,0,0,0-0,0,0,0,0,0,0,0,0,0,0,0,0,0,0,0,0,0,0,0,0,0,0,0,0-0,0,0,0,0,0,0,0,0,0,0,0,0,0,0,0,0,0,0,0,0,0,0,0,0-0,0,0,0,0,0,0,0,0,0,0,0,0,0,0,0,0,0,0,0,0,0,0,0,0-0,0,0,0,0,0,0,0,0,0,0,0,0,0,0,0,0,0,0,0,0,0,0,0,0-0,0,0,0,0,0,0,0,0,0,0,0,0,0,0,0,0,0,0,16,16,16,16,16,16-0,0,0,0,0,0,0,0,0,0,0,0,0,0,0,0,0,0,0,16,0,0,0,0,0-0,0,0,0,0,0,0,0,0,0,0,0,0,0,0,0,0,0,0,16,16,16,16,16,16-0,0,0,0,0,0,0,0,0,0,0,0,0,0,0,0,0,0,0,0,0,0,0,0,0-0,0,0,0,0,0,0,0,0,0,0,0,0,0,0,16,16,16,16,16,16,16,16,16,16-0,0,0,0,0,0,0,0,0,0,0,0,0,0,0,16,0,0,0,0,0,0,0,0,0-0,0,0,0,0,0,0,0,0,0,0,0,0,0,0,16,0,0,0,0,0,0,0,0,0-0,0,0,0,0,0,0,0,0,0,0,0,0,0,0,16,0,13,13,13,13,13,13,0,0-0,0,0,0,0,0,0,0,0,0,0,0,0,0,0,16,0,13,0,0,0,0,13,0,16-0,0,0,0,0,0,0,0,0,0,0,0,0,0,0,16,0,13,0,16,16,0,13,0,0-0,0,0,0,0,0,0,0,0,0,0,0,0,0,0,16,0,13,0,16,16,0,13,13,13-0,0,0,0,0,0,0,0,0,0,0,0,0,0,0,16,0,13,0,16,0,0,0,0,0-0,0,0,0,0,0,0,0,0,0,0,0,0,0,0,16,0,13,0,16,16,16,16,16,16-0,0,0,0,0,0,0,0,0,0,0,0,0,0,0,16,0,13,0,0,0,0,0,0,0-0,0,0,0,0,0,0,0,0,0,0,0,0,0,0,16,0,13,13,13,13,16,16,16,0-0,0,0,0,0,0,0,0,0,0,0,0,0,0,0,16,0,0,0,0,13,0,0,16,0-0,0,0,0,0,0,0,0,0,0,0,0,0,0,0,16,16,16,16,0,13,0,16,16,0-0,0,0,0,0,0,0,0,0,0,0,0,0,0,0,0,0,0,16,0,13,0,0,16,0-0,0,0,0,0,0,0,0,0,0,0,0,0,0,0,0,0,0,16,0,13,0,0,16,0
false
4
-6
kevin
</mapData>

















