<mapData>
4x3
00,00,00,510,710,00,00,00,00,00,20,00,00,00,20,00,00,00,00,00,10,00,00,00,00-00,00,00,510,710,00,00,00,00,00,00,00,00,00,00,00,00,00,30,00,00,00,00,00,00-10,00,00,510,710,00,00,00,00,00,00,00,00,00,00,00,00,30,00,00,00,00,00,00,00-69,69,69,310,710,00,00,00,00,00,00,00,00,00,00,00,00,00,00,00,00,00,00,00,00-611,611,611,611,711,00,00,10,00,00,20,00,00,00,00,00,00,00,10,00,00,00,00,00,00-00,00,00,00,00,10,00,00,00,00,00,00,00,00,00,00,00,00,00,00,30,00,00,00,00-00,00,00,00,00,00,00,20,00,00,00,00,20,00,00,00,00,10,00,00,00,00,00,00,00-00,00,00,00,00,00,20,00,00,00,00,00,00,00,00,00,00,00,00,00,00,00,00,00,00-00,00,00,00,00,00,00,30,00,00,00,00,00,00,00,00,00,00,00,00,00,00,00,00,00-30,00,00,00,00,00,00,00,00,00,00,00,00,00,00,30,00,00,00,00,00,00,00,00,00-00,30,00,20,20,00,00,10,00,00,10,00,00,30,00,00,00,00,00,00,00,00,00,00,00-00,00,00,00,00,00,00,00,00,00,00,00,10,00,00,30,00,00,00,00,00,00,00,00,00-30,20,00,00,00,00,30,00,00,00,00,00,00,00,00,20,00,00,00,00,00,00,00,00,00-00,00,00,00,00,00,00,00,00,00,00,00,00,10,30,00,00,10,00,00,00,00,00,00,00-00,00,00,30,00,00,00,00,00,08,18,18,18,18,28,20,00,00,20,00,00,00,00,00,00-00,00,00,00,30,00,00,08,18,38,19,19,19,19,29,00,30,00,00,00,00,00,00,00,00-00,00,00,00,00,00,00,010,110,110,110,110,110,110,210,00,00,00,00,00,00,00,00,00,00-00,00,00,30,00,00,00,00,00,10,00,00,00,00,00,00,00,00,00,00,00,00,00,00,00-00,00,00,00,00,00,00,00,00,00,00,30,00,00,00,00,00,00,00,00,00,00,00,00,00-00,20,00,00,00,00,00,00,00,00,00,10,00,00,00,00,00,00,00,00,00,00,00,00,00-00,00,30,00,00,00,00,00,00,00,00,00,00,00,00,00,00,00,00,00,00,00,00,00,00-00,00,00,00,00,00,00,00,30,00,00,10,00,00,00,00,00,00,00,00,00,00,20,00,00-00,00,00,00,00,00,00,00,00,00,00,00,00,00,00,00,00,00,00,00,00,00,00,00,00-20,00,00,00,00,00,00,00,00,20,00,00,00,00,00,00,00,00,00,00,00,30,00,00,00-00,00,00,00,10,00,00,00,00,00,00,00,00,00,20,00,00,00,30,00,20,00,00,00,00
0,0,0,0,0,0,0,0,0,62,72,62,72,0,0,0,0,0,0,0,0,0,0,0,0-0,0,0,0,0,0,0,0,0,61,71,61,71,60,70,0,0,0,0,0,0,0,0,0,0-0,0,0,0,0,0,0,60,70,62,72,62,72,61,71,60,70,0,0,0,0,0,0,0,0-0,0,0,0,0,0,0,61,71,61,71,61,71,62,72,61,71,0,0,0,0,0,0,0,0-0,0,0,0,0,0,0,62,72,62,72,62,72,61,71,62,72,0,0,0,0,0,0,0,0-0,0,0,0,0,0,0,61,71,61,71,61,71,62,72,61,71,0,0,0,0,0,0,0,0-0,0,0,0,0,0,0,62,72,62,72,62,72,61,71,62,72,60,70,0,0,0,0,0,0-0,60,70,0,0,60,70,61,71,61,71,61,71,62,72,61,71,61,71,0,0,0,0,0,0-0,61,71,60,70,61,71,62,72,62,72,62,72,61,71,62,72,62,72,0,0,0,0,0,0-0,62,72,61,71,62,72,61,71,61,71,61,71,62,72,61,71,61,71,60,70,60,70,0,0-70,61,71,62,72,61,71,62,72,62,72,62,72,61,71,62,72,62,72,61,71,61,71,60,70-71,62,72,61,71,62,72,61,71,61,71,61,71,62,72,61,71,61,71,62,72,62,72,61,71-72,61,71,62,72,61,71,62,72,4151,5151,6151,7151,61,71,62,72,62,72,61,71,61,71,62,72-71,62,72,61,71,62,72,61,71,4152,5152,6152,7152,42,52,61,71,61,71,62,72,62,72,61,71-72,61,71,62,72,61,71,42,52,4153,5153,6153,7153,0,0,42,52,42,52,61,71,61,71,62,72-71,62,72,61,71,62,72,0,0,4154,5154,6154,7154,0,0,0,0,0,0,42,52,42,52,61,71-72,61,71,62,72,61,71,0,0,0,0,0,0,0,0,0,0,0,0,0,0,0,0,42,52-71,62,72,61,71,62,72,0,0,0,0,0,0,0,0,0,0,0,0,0,0,0,0,0,0-72,61,71,62,72,61,71,60,70,0,0,0,0,0,0,0,0,0,0,0,0,0,0,0,0-71,62,72,61,71,62,72,61,71,0,0,0,0,0,0,0,0,0,0,0,0,0,0,0,0-72,61,71,62,72,61,71,62,72,60,70,0,0,0,0,0,0,0,0,0,0,0,0,0,0-71,62,72,61,71,62,72,61,71,61,71,60,70,60,70,0,0,60,70,0,0,0,0,0,0-72,61,71,62,72,61,71,62,72,62,72,61,71,61,71,60,70,61,71,0,0,60,70,0,0-71,62,72,61,71,62,72,61,71,61,71,62,72,62,72,61,71,62,72,60,70,61,71,0,0-72,61,71,62,72,61,71,62,72,62,72,61,71,61,71,62,72,61,71,61,71,62,72,60,70
false
3
4
kevin
</mapData>











