<mapData>
4x4
00,00,00,00,00,00,00,00,00,00,00,00,00,00,00,00,00,00,20,00,00,00,00,00,00-00,00,00,00,00,00,00,00,00,00,00,00,00,00,00,20,00,00,00,00,00,00,00,00,00-00,00,00,00,00,00,00,00,00,00,00,00,00,00,00,00,00,00,00,00,00,00,00,00,00-00,00,00,00,30,00,00,00,00,00,00,00,00,00,00,10,00,00,00,00,00,20,00,00,00-00,00,00,00,00,00,00,30,00,00,00,00,00,00,00,00,00,00,00,00,00,00,00,00,00-00,00,00,00,00,00,00,00,00,00,30,10,10,00,30,00,00,00,00,00,00,00,00,00,00-00,00,00,20,00,00,00,00,00,00,00,00,00,00,00,00,00,00,00,00,00,00,20,00,00-20,00,00,00,00,00,00,00,00,00,00,00,00,00,00,00,00,10,00,00,00,00,00,00,00-00,00,00,00,00,00,00,00,30,00,00,00,00,00,00,00,00,30,00,00,00,00,10,00,00-00,20,00,00,00,20,00,00,00,00,00,00,00,00,00,00,00,00,00,10,00,30,00,00,20-00,00,00,00,00,10,00,00,00,00,00,00,00,00,00,00,00,00,30,00,00,00,00,00,00-00,00,00,00,00,00,00,00,00,00,00,00,00,00,00,00,00,00,00,00,00,00,00,00,00-00,00,00,00,00,00,00,00,00,00,00,00,00,00,00,00,10,00,00,00,00,00,00,00,00-00,00,00,00,00,00,20,00,00,00,00,00,00,00,00,20,00,00,00,00,00,00,00,00,00-00,00,00,00,00,00,30,00,00,00,00,00,00,00,00,00,00,00,00,00,00,00,00,00,00-00,00,30,00,00,00,00,00,00,00,00,30,00,00,00,00,00,00,00,00,00,10,00,00,00-00,00,00,00,00,00,00,00,00,00,00,10,00,00,00,00,20,00,00,20,00,00,00,00,00-00,00,00,00,00,30,00,00,00,00,00,00,00,00,00,00,00,00,20,00,00,00,00,00,00-00,00,00,00,00,00,00,10,00,00,00,00,00,00,00,00,00,00,00,20,00,00,00,00,00-00,00,00,00,00,00,20,00,00,00,00,00,00,20,00,00,30,00,00,00,00,00,00,00,00-00,00,00,00,00,00,00,00,00,00,00,00,00,00,00,00,00,00,00,00,00,00,00,00,00-00,00,00,00,00,00,00,00,00,00,30,00,00,00,00,00,00,00,00,00,30,20,30,00,00-00,00,00,00,00,00,00,00,00,00,00,20,00,10,00,00,00,00,00,00,00,00,00,00,00-00,00,00,00,00,00,00,00,00,00,00,00,10,00,00,00,00,00,00,00,00,00,00,00,00-00,30,00,00,30,00,00,00,00,00,00,00,00,00,00,00,00,00,00,00,00,00,00,00,00
0,0,0,0,0,0,0,0,0,0,0,0,0,0,0,0,0,0,0,0,0,0,0,0,0-0,0,0,0,0,0,0,0,0,0,0,0,0,0,0,0,0,0,0,0,0,0,0,0,0-0,0,0,0,0,0,0,0,0,0,0,0,0,0,0,0,0,0,0,0,0,0,0,0,0-0,0,0,0,0,0,0,0,0,0,0,0,0,0,0,0,0,0,0,0,0,0,0,0,0-0,0,0,0,0,0,0,0,0,0,0,0,0,0,0,0,0,0,0,0,0,0,0,0,0-0,0,0,0,0,0,0,0,0,0,0,0,0,0,0,0,0,0,0,0,0,0,0,0,0-0,0,0,0,0,0,0,0,0,0,0,0,0,0,0,0,0,0,0,0,0,0,0,0,0-0,0,0,0,0,0,0,0,0,0,0,0,0,0,0,0,0,0,0,0,0,0,0,0,0-0,0,0,0,0,0,0,0,0,0,0,0,0,0,0,0,0,0,60,70,0,0,0,0,0-0,0,60,70,0,0,0,0,0,0,0,0,0,0,0,0,0,0,61,71,0,0,0,0,0-60,70,61,71,60,70,0,0,0,0,60,70,0,0,0,0,60,70,40,50,60,70,0,0,0-61,71,40,50,61,71,60,70,60,70,61,71,0,0,60,70,61,71,41,51,61,71,0,0,0-40,50,41,51,40,50,61,71,61,71,40,50,0,0,61,71,40,50,40,50,40,50,60,70,0-41,51,40,50,41,51,40,50,40,50,41,51,0,0,40,50,41,51,41,51,41,51,61,71,0-40,50,41,51,40,50,41,51,41,51,40,50,0,0,41,51,40,50,40,50,40,50,40,50,60-41,51,40,50,41,51,40,50,40,50,41,51,0,0,40,50,41,51,41,51,41,51,41,51,61-42,52,41,51,40,50,41,51,41,51,40,50,0,0,41,51,40,50,40,50,40,50,40,50,40-0,0,42,52,41,51,40,50,40,50,41,51,0,0,42,52,41,51,41,51,41,51,41,51,41-0,0,0,0,42,52,41,51,41,51,40,50,0,0,0,0,42,52,40,50,42,52,42,52,40-0,0,0,0,0,0,40,50,40,50,41,51,0,0,0,0,0,0,41,51,0,0,0,0,41-0,0,0,0,0,0,41,51,41,51,42,52,0,0,0,0,0,0,42,52,0,0,0,0,42-0,0,0,0,0,0,42,52,42,52,0,0,0,0,0,0,0,0,0,0,0,0,0,0,0-0,0,0,0,0,0,0,0,0,0,0,0,0,0,0,0,0,0,0,0,0,0,0,0,0-0,0,0,0,0,0,0,0,0,0,0,0,0,0,0,0,0,0,0,0,0,0,0,0,0-0,0,0,0,0,0,0,0,0,0,0,0,0,0,0,0,0,0,0,0,0,0,0,0,0
false
4
4

</mapData>








