<mapData>
4x5
00,00,00,00,00,00,00,30,00,00,10,00,510,710,00,00,30,00,00,00,00,00,00,00,00-00,00,00,00,00,00,00,00,00,00,00,00,510,410,69,69,79,00,20,00,00,00,00,00,00-00,00,00,20,00,00,00,00,00,00,00,00,511,611,611,311,710,00,00,00,30,00,00,20,00-00,00,00,00,00,00,00,20,00,00,00,00,00,00,00,510,710,00,00,00,00,00,00,00,20-00,00,00,00,00,00,00,00,00,00,00,00,00,00,00,510,710,00,10,00,00,00,00,00,00-00,00,00,00,10,00,00,00,00,00,00,00,00,00,00,510,710,00,00,00,00,00,00,00,00-00,00,10,00,00,00,10,00,00,00,00,00,00,00,00,510,710,00,00,00,00,00,00,00,00-00,00,00,00,20,00,00,00,00,00,00,00,00,00,00,510,710,30,00,00,00,00,00,00,00-10,00,00,00,00,00,00,20,00,00,00,00,00,00,00,510,710,00,00,00,00,00,00,00,00-00,00,00,00,00,00,00,00,00,00,00,10,00,00,00,510,710,00,00,00,00,00,20,00,10-00,00,00,00,016,116,216,30,00,00,00,016,216,30,00,510,710,00,00,016,216,00,00,00,00-00,00,00,59,69,69,69,69,69,69,69,69,69,69,69,310,410,69,69,69,69,79,00,00,00-00,00,00,511,611,611,611,611,611,611,611,611,611,611,611,311,411,611,611,611,611,711,10,00,00-00,00,00,30,30,00,00,00,00,00,00,00,00,00,00,510,710,00,00,00,00,00,00,00,00-00,00,00,00,00,00,00,00,00,00,00,00,00,00,00,510,710,00,00,00,00,00,10,30,00-00,00,00,00,00,00,00,30,00,00,00,00,00,00,00,510,710,00,00,00,00,00,00,00,00-00,00,00,00,00,00,00,00,00,00,00,00,00,00,00,510,710,00,00,00,00,10,00,10,00-00,00,00,00,00,20,00,00,00,00,00,00,00,00,00,510,710,00,00,00,00,00,00,00,00-00,00,00,00,016,216,00,00,00,00,00,016,216,00,00,510,710,00,00,016,216,00,20,00,00-00,00,00,59,69,69,69,69,69,69,69,69,69,69,69,310,410,69,69,69,69,79,00,00,00-00,00,00,511,611,611,611,611,611,611,611,611,611,611,611,311,411,611,611,611,611,711,00,00,10-00,00,30,00,00,20,00,00,20,00,00,10,20,00,10,510,710,00,00,00,00,00,00,00,00-00,00,00,00,00,00,00,00,00,00,20,00,00,00,00,510,710,00,00,00,00,00,00,20,00-00,00,00,00,00,00,00,00,00,00,00,00,00,00,00,510,710,00,00,00,00,00,00,00,00-00,00,00,00,00,00,00,00,00,00,00,00,00,00,00,510,710,00,10,00,00,10,00,30,00
41,51,40,50,41,51,40,50,41,51,41,51,0,0,0,42,52,40,50,41,51,40,50,41,51-40,50,41,51,40,50,41,51,40,50,40,50,0,0,0,0,0,41,51,40,50,41,51,40,50-41,51,40,50,41,51,40,50,41,51,41,51,0,0,0,0,0,42,52,41,51,40,50,41,51-40,50,41,51,42,52,41,51,40,50,40,50,60,70,0,0,0,0,0,42,52,41,51,40,50-41,51,42,52,0,0,42,52,41,51,41,51,61,71,0,0,0,0,0,0,0,42,52,41,51-40,50,0,045,145,245,345,445,40,50,42,52,42,52,0,0,0,0,0,0,0,0,0,40,50-41,51,0,046,146,246,346,446,41,51,460,660,660,760,0,0,0,0,460,660,660,760,0,41,51-40,50,0,047,147,247,347,447,42,52,461,661,661,761,0,0,0,0,461,661,661,761,0,40,50-41,51,0,048,148,248,348,448,0,0,462,562,662,762,0,0,0,0,462,562,662,762,0,41,51-40,50,0,049,149,249,349,449,0,0,463,563,663,763,0,0,0,0,463,563,663,763,0,40,50-41,51,0,0,0,0,0,0,0,0,0,0,0,0,0,0,0,0,0,0,0,0,0,41,51-40,50,0,0,0,0,0,0,0,0,0,0,0,0,0,0,0,0,0,0,0,0,0,40,50-41,51,0,0,0,0,0,0,0,0,0,0,0,0,0,0,0,0,0,0,0,0,0,41,51-40,50,0,0,0,0,0,0,0,0,0,0,0,0,0,0,0,0,0,0,0,0,0,40,50-41,51,0,460,660,660,760,0,0,0,460,660,660,760,0,0,0,0,041,141,241,341,0,41,51-40,50,0,461,661,661,761,0,60,70,461,661,661,761,0,0,0,0,042,142,242,342,0,40,50-41,51,0,462,562,662,762,0,41,51,462,562,662,762,0,0,0,0,043,143,243,343,0,41,51-40,50,0,463,563,663,763,0,42,52,463,563,663,763,0,0,0,0,044,144,244,344,0,40,50-41,51,0,0,0,0,0,0,0,0,0,0,0,0,0,0,0,0,0,0,0,0,0,41,51-40,50,0,0,0,0,0,0,0,0,0,0,0,0,0,0,0,0,0,0,0,0,0,40,50-41,51,0,0,0,0,0,0,0,0,0,0,0,0,0,0,0,0,0,0,0,0,0,41,51-40,50,0,0,60,70,0,0,0,0,0,0,0,0,0,0,0,60,70,0,0,0,0,40,50-41,51,60,70,41,51,60,70,0,0,0,0,60,70,0,0,0,61,71,0,0,60,70,41,51-40,50,41,51,40,50,41,51,60,70,60,70,41,51,0,0,0,40,50,60,70,41,51,40,50-41,51,62,72,41,51,62,72,41,51,41,51,62,72,0,0,0,41,51,41,51,62,72,41,51
false
4
5
kevin
</mapData>















