<mapData>
4x6
00,00,00,00,00,00,00,00,00,00,00,00,00,00,00,510,710,00,00,00,20,00,00,30,00-00,00,00,00,00,10,00,00,00,00,00,00,00,00,00,510,710,00,00,00,00,00,00,00,00-00,00,00,10,00,00,00,00,00,00,00,20,00,00,00,510,710,30,00,00,00,00,00,00,00-00,00,00,00,00,00,00,00,00,00,00,00,00,00,00,510,710,00,00,00,00,00,00,00,00-00,00,00,00,00,00,00,00,00,00,00,00,00,00,00,510,710,00,00,20,00,00,00,00,00-00,00,00,00,00,00,59,69,69,69,69,69,69,69,69,310,410,69,69,69,79,00,00,00,00-20,30,00,00,00,00,510,411,611,611,611,611,611,611,611,611,611,611,611,311,710,00,00,00,00-20,00,00,00,00,00,510,710,00,00,00,20,20,00,00,00,00,00,00,510,710,00,00,00,00-00,00,00,00,00,00,510,710,00,00,00,00,00,00,00,00,00,00,00,510,710,00,00,00,00-00,00,00,00,00,00,510,710,20,00,00,00,00,00,00,10,00,00,00,510,410,69,69,69,69-00,00,00,00,00,00,510,710,00,00,00,00,00,20,00,00,00,00,00,511,611,611,611,611,611-00,00,00,00,00,00,510,710,00,00,00,00,00,00,00,00,00,00,00,30,00,00,00,00,00-00,00,00,00,00,00,510,710,00,00,00,00,00,00,00,00,00,00,00,00,00,00,00,00,00-69,69,69,69,69,69,310,710,00,00,00,00,30,00,30,00,00,00,00,00,00,00,30,00,00-611,611,611,611,611,611,311,710,00,00,00,00,00,00,00,00,00,00,00,00,30,00,00,00,00-00,30,00,00,00,00,510,710,00,00,00,00,00,00,00,30,00,00,00,00,00,00,00,00,00-00,00,00,00,00,00,510,710,00,00,00,00,00,00,00,00,00,00,00,30,00,00,00,00,00-00,00,00,00,00,00,510,710,30,20,00,00,00,00,30,00,10,00,00,00,00,00,00,00,00-10,00,00,00,00,00,510,710,00,00,00,00,00,00,00,00,00,00,00,00,00,00,00,00,20-00,00,00,00,00,00,510,710,00,00,00,00,00,00,00,20,00,00,10,00,00,00,00,00,00-00,00,00,00,00,00,510,710,00,00,00,00,00,00,00,00,00,00,00,00,20,00,00,00,00-30,00,00,10,00,00,510,710,00,00,00,00,00,00,00,00,00,00,00,00,00,00,00,00,00-10,00,00,00,00,00,510,710,00,00,00,20,00,00,00,00,00,00,00,00,00,00,10,00,00-00,00,00,00,00,00,510,710,00,00,00,00,20,00,00,00,00,00,00,00,00,00,00,00,00-00,00,00,20,00,00,510,710,00,00,00,00,00,00,00,00,00,00,00,00,00,00,00,00,00
0,0,61,71,0,0,61,71,0,0,0,0,61,71,0,0,0,0,0,0,0,61,71,0,0-61,71,62,72,61,71,62,72,61,71,61,71,62,72,0,0,0,61,71,61,71,62,72,61,71-62,72,0,0,62,72,0,0,62,72,62,72,0,0,0,0,0,62,72,62,72,0,0,62,72-0,0,0,0,0,0,0,0,0,0,0,0,0,0,0,0,0,0,0,0,0,0,0,0,0-0,0,0,0,0,0,0,0,0,0,0,0,0,0,0,0,0,0,0,0,0,0,0,0,0-0,0,0,0,0,0,0,0,0,0,0,0,0,0,0,0,0,0,0,0,0,0,0,0,0-0,0,0,0,0,0,0,0,0,0,0,0,0,0,0,0,0,0,0,0,0,0,0,0,0-0,0,0,0,0,0,0,0,0,0,0,0,0,0,0,0,0,0,0,0,0,0,0,0,0-0,0,0,0,0,0,0,0,0,0,0,0,0,0,0,0,0,0,0,0,0,0,0,0,0-0,0,0,0,0,0,0,0,0,0,0,0,0,0,0,0,0,0,0,0,0,0,0,0,0-0,0,0,0,0,0,0,0,0,0,0,0,0,0,0,0,0,0,0,0,0,0,0,0,0-0,0,0,0,0,0,0,0,0,0,0,0,0,0,0,0,0,0,0,0,0,0,0,0,0-0,0,0,0,0,0,0,0,0,0,0,0,0,0,0,0,0,0,0,0,0,0,0,0,0-0,0,0,0,0,0,0,0,0,0,0,0,0,0,0,0,0,0,0,0,0,0,0,0,0-0,0,0,0,0,0,0,0,0,0,0,0,0,0,0,0,0,0,0,0,0,0,0,0,0-0,0,0,0,0,0,0,0,0,0,0,0,0,0,0,0,0,0,0,0,0,0,0,0,0-0,0,0,0,0,0,0,0,0,0,0,0,0,0,0,0,0,0,0,0,0,0,0,0,0-0,0,0,0,0,0,0,0,0,0,0,0,0,0,0,0,0,0,0,0,0,0,0,0,0-0,0,0,0,0,0,0,0,0,0,0,0,0,0,0,0,0,0,0,0,0,0,0,0,0-0,0,0,0,0,0,0,0,0,0,0,0,0,0,0,0,0,0,0,0,0,0,0,0,0-0,0,0,0,0,0,0,0,0,0,0,0,0,0,0,0,0,0,0,0,0,0,0,0,0-0,0,0,0,0,0,0,0,0,0,0,0,0,0,0,0,0,0,0,0,0,0,0,0,0-0,0,0,0,0,0,0,0,0,0,0,0,0,0,0,0,0,0,0,0,0,0,0,0,0-0,0,0,0,0,0,0,0,0,0,0,0,0,0,0,0,0,0,0,0,0,0,0,0,0-0,0,0,0,0,0,0,0,0,0,0,0,0,0,0,0,0,0,0,0,0,0,0,0,0
false
4
6
kevin
</mapData>








