<mapData>
4x7
00,00,00,00,00,30,510,710,00,00,00,00,00,00,00,00,00,30,00,00,00,00,00,00,00-00,00,00,00,20,00,510,710,00,00,00,00,00,00,00,00,00,00,10,00,00,00,00,20,00-00,00,10,00,00,00,510,710,00,00,00,10,00,00,00,00,00,00,00,00,00,00,00,00,00-00,00,00,00,00,00,510,710,30,00,00,00,00,00,00,00,00,00,00,20,00,00,00,00,00-00,00,00,30,00,00,511,711,00,00,30,00,00,00,00,00,00,00,00,00,00,00,00,00,00-00,20,00,00,00,00,00,00,00,00,00,00,00,10,10,00,00,00,00,00,00,00,00,00,30-20,00,00,00,00,00,00,00,00,00,00,00,00,10,00,00,00,00,00,20,00,00,00,00,00-00,00,00,00,00,00,00,00,00,00,00,00,00,00,00,00,00,10,00,00,00,00,00,00,00-00,00,00,00,00,00,00,00,00,00,30,00,00,00,00,00,00,00,00,00,00,00,00,00,00-00,10,00,00,00,00,00,00,00,00,00,30,00,00,00,00,00,00,00,00,00,00,00,00,00-00,00,00,00,00,00,20,00,00,00,00,00,00,00,00,00,00,00,00,00,20,00,00,00,20-00,00,00,00,20,00,00,00,00,00,20,00,00,00,00,00,00,00,00,00,00,00,00,00,00-00,00,00,00,00,00,30,00,00,00,00,00,00,00,00,00,00,10,00,00,00,00,00,00,00-00,00,00,00,00,00,00,00,00,00,00,00,00,00,00,00,00,00,00,00,00,00,00,00,00-00,00,00,00,00,00,00,00,00,00,00,20,00,00,00,00,00,00,00,00,00,00,00,00,00-00,20,00,00,00,00,00,00,00,00,00,00,20,00,00,00,00,00,00,00,00,00,00,00,00-00,00,00,00,00,00,00,00,00,00,00,00,00,00,00,00,00,20,00,00,10,00,00,00,00-00,00,20,00,00,00,10,00,00,00,00,00,00,00,00,00,00,00,00,00,20,00,00,00,00-00,00,00,00,00,00,00,00,00,30,00,00,00,00,00,00,00,00,20,00,00,00,00,00,00-00,00,00,00,00,00,00,00,00,00,00,00,00,00,00,00,00,00,10,00,00,00,00,00,00-00,00,00,00,00,00,00,00,10,00,00,10,00,00,30,00,20,00,00,00,00,30,00,00,00-00,00,00,00,00,00,00,00,00,00,00,00,00,00,00,00,00,00,00,00,00,00,00,00,00-00,00,00,00,00,00,00,00,00,00,00,00,00,00,00,00,00,00,00,00,30,00,00,00,20-00,00,00,00,00,00,00,30,00,00,00,00,00,00,00,00,00,00,20,20,00,00,20,10,10-20,00,00,00,00,00,00,00,00,00,00,00,00,00,00,00,00,00,10,00,00,20,00,00,00
62,72,62,72,61,71,0,0,61,71,62,72,62,72,62,72,62,72,61,71,61,71,62,72,61-61,71,61,71,62,72,0,0,42,52,61,71,61,71,61,71,61,71,62,72,62,72,61,71,62-62,72,62,72,61,71,0,0,0,0,42,52,42,52,62,72,62,72,61,71,61,71,42,52,61-61,71,61,71,42,52,0,0,0,0,0,0,0,0,61,71,61,71,62,72,42,52,0,0,42-62,72,62,72,0,0,0,0,0,0,0,0,0,0,42,52,42,52,61,71,0,0,0,526,626-61,71,61,71,0,0,0,0,0,0,0,0,0,0,0,0,0,0,42,52,0,0,0,527,627-62,72,62,72,0,0,0,0,0,0,0,0,0,0,0,0,0,0,0,0,0,0,0,527,627-61,71,61,71,60,70,60,70,0,0,0,0,0,0,0,0,0,0,0,0,0,0,0,527,627-62,72,42,52,61,71,61,71,60,70,0,60,70,0,0,0,0,0,0,0,0,0,0,527,627-61,71,0,0,62,72,62,72,61,71,0,61,71,0,0,0,0,0,0,0,0,0,0,527,627-62,72,0,0,61,71,61,71,42,52,0,42,52,0,0,0,0,0,0,0,0,0,0,527,627-61,71,0,0,42,52,42,52,0,0,0,0,0,0,0,0,0,0,0,0,0,0,0,527,627-62,72,0,0,0,0,0,0,0,0,0,0,0,0,0,0,0,0,0,0,0,0,0,527,627-61,71,0,0,0,0,0,0,0,0,0,0,0,0,0,0,0,0,0,0,0,0,526,627,627-62,72,0,0,0,0,0,0,0,0,0,0,0,0,0,0,0,0,0,0,0,0,527,627,627-61,71,0,0,0,0,0,0,0,0,0,0,0,0,0,0,0,0,0,0,0,0,527,627,627-62,72,0,0,0,0,0,0,0,0,0,0,0,0,0,0,0,0,0,0,0,526,627,627,627-61,71,0,0,0,0,0,0,0,0,0,0,0,0,0,0,0,0,0,0,0,527,627,627,627-62,72,60,70,0,0,0,0,0,0,0,0,0,0,0,0,0,0,0,0,526,627,627,627,627-61,71,61,71,0,0,0,0,0,0,0,0,0,0,0,0,0,0,0,0,527,627,627,627,627-62,72,62,72,0,0,0,0,0,0,0,0,0,0,0,0,0,0,526,626,627,627,627,627,627-61,71,61,71,0,0,0,0,0,0,0,0,0,0,0,0,526,626,627,627,627,627,627,627,627-62,72,42,52,0,0,0,0,0,0,0,0,526,626,626,626,627,627,627,627,627,627,627,627,627-61,71,526,626,626,626,626,626,626,626,626,626,627,627,627,627,627,627,627,627,627,627,627,627,627-62,72,527,627,627,627,627,627,627,627,627,627,627,627,627,627,627,627,627,627,627,627,627,627,627
false
4
7
kevin
</mapData>

















