<mapData>
5x-3
00,00,00,00,00,00,00,00,00,00,00,00,00,00,30,00,00,00,00,00,00,00,00,00,00-00,00,00,00,00,00,10,10,00,00,00,00,00,00,00,00,00,00,00,00,00,00,00,00,00-00,00,30,00,00,00,00,00,00,00,00,00,00,00,00,10,00,00,00,00,00,00,00,20,00-00,00,20,00,10,00,00,30,00,00,00,00,00,30,00,00,00,00,20,00,00,00,00,00,00-20,00,00,00,00,00,00,00,00,00,00,00,10,00,00,00,00,10,00,00,00,00,00,00,00-00,00,00,00,00,00,00,00,00,10,00,00,00,00,00,00,00,00,00,30,00,00,00,00,00-00,00,00,20,00,00,00,00,20,00,00,30,00,00,00,00,00,00,00,00,00,00,00,00,00-00,00,00,00,00,00,00,00,00,00,00,00,00,00,00,00,00,00,10,00,00,00,00,00,00-00,00,00,00,00,00,00,00,00,00,00,00,00,00,00,00,00,00,00,00,00,00,00,00,00-00,00,00,10,00,00,00,00,00,00,00,20,20,00,00,00,00,00,00,00,00,00,00,00,00-00,00,00,00,00,00,00,00,00,30,00,00,00,00,00,00,30,00,00,00,00,00,00,00,00-00,30,10,00,00,00,00,10,00,00,00,00,00,00,00,00,00,30,00,10,00,30,00,00,00-20,00,00,00,00,30,00,00,00,00,00,00,00,00,00,00,30,00,00,00,00,00,00,00,00-00,30,00,00,00,00,00,00,30,30,00,00,00,20,00,20,00,10,00,00,00,00,00,00,00-00,00,00,00,00,10,00,00,00,00,00,00,00,10,00,00,00,00,00,00,00,00,00,10,00-00,00,00,30,00,30,00,00,00,00,00,00,00,00,00,00,00,00,00,10,00,30,00,00,00-00,30,00,00,00,00,00,00,00,00,00,00,00,00,00,00,00,00,00,00,00,00,00,00,00-30,00,10,00,00,00,00,00,00,00,00,00,00,00,00,00,00,00,00,20,00,00,00,00,00-00,00,00,00,30,00,30,00,00,00,10,00,00,00,00,00,00,00,00,00,00,00,00,00,00-00,00,00,00,00,00,00,00,00,00,00,00,00,00,00,00,00,00,00,00,00,00,00,00,00-00,00,00,00,00,00,00,00,00,00,00,00,00,00,00,00,00,00,00,00,00,00,00,00,00-00,00,00,00,00,00,00,00,00,00,00,00,00,00,00,00,00,00,00,00,00,00,20,00,00-00,00,00,00,00,00,00,00,00,00,00,00,00,00,00,30,00,00,20,00,00,00,00,00,00-00,00,00,00,00,00,10,00,20,00,00,00,00,00,00,00,00,00,00,00,00,00,00,00,00-00,10,00,00,00,00,00,00,00,00,00,00,00,00,00,00,00,00,00,00,00,00,00,00,20
0,0,26,0,0,0,0,0,0,0,0,0,13,0,0,0,0,0,0,0,0,0,0,0,0-0,0,26,0,0,0,0,0,0,0,0,0,13,0,0,0,0,0,0,0,0,13,13,13,13-16,16,16,16,16,16,0,0,0,0,0,0,13,0,0,0,0,0,0,0,0,13,0,0,0-0,0,0,0,0,0,0,0,13,13,13,13,13,13,13,13,13,0,0,0,0,13,0,0,0-13,13,13,13,0,0,0,0,13,620,620,620,620,620,620,620,13,0,0,0,0,13,0,0,0-0,0,0,13,13,13,13,13,13,0,0,0,0,0,0,0,13,13,13,13,13,13,0,0,0-0,0,0,0,0,0,0,0,0,0,0,617,620,717,0,0,0,0,0,0,0,0,0,0,0-0,0,0,0,0,0,0,0,0,0,0,718,0,718,0,0,0,0,0,0,0,0,0,0,0-0,0,617,620,620,620,620,620,620,620,620,719,0,718,0,617,620,620,620,620,620,620,620,717,0-0,0,718,0,0,0,0,0,0,0,0,0,0,718,0,718,0,0,0,0,0,0,0,718,0-0,0,718,0,617,620,620,620,620,620,620,720,0,718,0,619,620,620,620,620,620,717,0,718,0-0,0,718,0,718,0,0,0,0,0,0,0,0,718,0,0,0,0,0,0,0,718,0,718,0-0,0,718,0,619,620,620,620,620,717,0,520,620,620,620,620,620,620,620,720,0,718,0,718,0-0,0,718,0,0,0,0,718,0,718,0,0,0,0,718,0,0,0,0,0,0,718,0,718,0-0,0,619,620,620,717,0,718,0,718,620,620,720,0,718,0,716,0,617,620,620,718,0,718,0-0,0,0,0,0,718,0,718,0,718,0,0,0,0,718,0,718,0,718,0,0,618,0,718,0-0,0,0,0,0,718,0,718,0,619,720,0,520,620,719,0,718,0,718,0,0,0,0,718,0-0,0,0,0,0,718,0,718,0,0,0,0,0,0,0,0,718,0,718,0,520,717,0,718,0-0,617,620,620,620,719,0,619,717,0,716,0,617,620,620,620,718,0,718,0,0,718,0,718,0-0,718,0,0,0,0,0,0,718,0,718,0,718,0,0,0,718,0,619,620,620,719,0,718,0-0,718,0,520,620,620,620,620,719,0,718,0,718,620,720,0,618,0,0,0,0,0,0,718,0-0,718,0,0,0,0,0,0,0,0,718,0,718,0,0,0,0,0,617,620,620,620,620,719,0-0,619,620,620,620,620,620,620,620,620,719,0,619,620,620,620,620,620,719,0,0,0,0,0,0-0,0,0,0,0,0,0,0,0,0,0,0,0,0,0,0,0,0,0,0,0,0,0,0,0-0,0,0,0,0,0,0,0,0,0,0,0,0,0,0,0,0,0,0,0,0,0,0,0,0
false
5
-3
kevin
</mapData>

















