<mapData>
5x4
30,00,00,30,00,00,00,00,30,00,00,20,00,00,00,00,10,20,00,00,00,00,00,00,00-00,00,00,20,00,00,00,00,00,00,00,00,00,00,00,00,00,00,00,00,20,00,30,00,00-00,00,00,00,00,00,00,00,00,00,00,00,00,00,00,00,00,00,00,00,00,00,00,00,00-00,00,00,00,00,30,00,20,00,00,00,10,00,00,00,00,00,00,00,00,00,00,00,00,00-00,00,00,00,00,00,00,00,00,00,00,00,00,00,00,00,00,00,00,00,00,00,00,00,00-00,00,00,00,00,00,00,00,00,00,00,00,00,00,00,00,00,00,00,00,00,00,10,00,00-00,00,00,00,00,00,00,00,00,00,00,00,00,00,00,00,00,00,00,00,00,00,00,00,00-00,00,00,10,00,00,00,00,00,00,00,00,00,00,00,00,00,00,00,00,00,00,00,00,10-00,00,00,00,00,00,00,00,00,20,00,00,00,00,00,00,00,00,30,00,00,00,00,00,00-00,00,00,00,00,00,00,00,20,00,20,00,00,20,20,00,00,00,00,00,00,00,00,00,00-00,00,00,00,00,00,00,00,00,00,00,30,00,30,20,00,00,00,00,00,20,00,30,00,10-00,10,00,00,00,00,00,00,00,00,00,00,00,00,00,20,00,00,00,00,00,00,00,00,00-00,00,00,00,00,00,00,00,00,00,00,00,00,00,00,00,00,10,00,00,00,00,00,00,00-00,00,00,00,00,00,00,00,00,00,00,30,00,00,00,20,20,00,00,00,00,00,00,00,00-00,00,00,00,00,00,10,10,00,00,00,00,00,00,00,00,00,00,00,00,00,00,00,00,00-00,00,00,00,00,00,00,00,00,00,30,00,00,00,00,00,10,30,00,00,00,00,00,00,00-00,00,00,00,00,00,00,00,00,00,00,00,00,00,00,00,00,00,00,00,00,00,30,00,00-00,00,00,00,00,00,00,00,00,00,00,00,00,00,00,00,00,20,00,30,00,00,00,00,00-00,00,00,10,20,00,00,00,00,00,00,00,00,00,00,00,00,00,00,00,00,00,00,20,00-00,00,00,00,00,00,00,00,00,00,00,00,00,00,00,00,00,00,00,00,00,20,00,00,00-00,00,00,00,00,00,00,00,00,00,00,00,00,00,00,00,00,00,00,10,00,00,00,00,00-00,00,00,00,00,10,00,00,00,00,00,00,00,00,30,00,00,00,00,00,00,00,00,30,00-00,00,00,00,00,00,00,00,00,00,00,00,00,00,00,00,00,00,00,00,00,00,00,00,20-00,00,00,00,00,00,00,00,00,00,00,00,00,20,00,00,00,00,00,00,00,20,00,30,20-00,20,00,00,10,00,00,00,10,00,00,00,00,00,00,00,30,00,00,00,00,00,00,00,00
0,0,0,0,0,0,0,0,0,0,0,0,0,0,0,40,50,40,50,41,51,41,51,40,50-0,0,0,0,0,0,0,0,0,0,0,0,0,0,0,41,51,41,51,40,50,40,50,41,51-0,0,0,0,0,0,0,0,0,0,0,0,0,0,0,42,52,40,50,41,51,41,51,40,50-0,0,0,0,0,0,0,0,60,70,0,0,0,0,0,0,0,41,51,40,50,40,50,41,51-0,0,0,0,0,0,60,70,61,71,60,70,0,0,0,0,0,40,50,41,51,41,51,40,50-0,0,0,0,0,0,61,71,40,50,61,71,60,70,0,0,0,41,51,40,50,40,50,41,51-0,0,0,0,60,70,40,50,41,51,40,50,61,71,0,0,0,42,52,41,51,41,51,42,52-0,0,0,0,61,71,41,51,40,50,41,51,40,50,0,0,0,0,0,40,50,40,50,0,0-0,0,0,0,40,50,40,50,41,51,40,50,41,51,0,0,0,0,0,41,51,41,51,0,0-0,0,0,0,41,51,41,51,40,50,41,51,40,50,0,0,0,0,0,40,50,40,50,0,0-0,0,0,0,40,50,40,50,41,51,40,50,41,51,0,0,0,0,0,41,51,41,51,0,0-0,0,0,0,41,51,41,51,40,50,41,51,42,52,0,0,0,0,0,40,50,40,50,0,0-0,0,0,0,42,52,40,50,41,51,42,52,0,0,0,60,70,60,70,41,51,41,51,0,0-0,60,70,0,0,0,41,51,42,52,0,0,0,60,70,61,71,61,71,40,50,40,50,0,0-70,61,71,0,0,0,42,52,0,0,0,0,0,61,71,40,50,40,50,41,51,41,51,0,0-71,40,50,0,0,0,0,0,0,0,0,60,70,40,50,41,51,41,51,40,50,42,52,0,0-50,41,51,60,70,60,70,60,70,60,70,61,71,41,51,40,50,40,50,41,51,0,0,0,0-51,40,50,61,71,61,71,61,71,61,71,40,50,40,50,41,51,41,51,42,52,0,0,0,0-50,41,51,40,50,40,50,40,50,40,50,41,51,41,51,40,50,42,52,0,0,0,0,0,0-51,40,50,41,51,41,51,41,51,41,51,40,50,40,50,41,51,0,0,0,0,0,0,0,0-52,41,51,40,50,40,50,40,50,40,50,41,51,41,51,42,52,0,0,0,0,0,0,0,0-0,42,52,41,51,41,51,41,51,41,51,42,52,42,52,0,0,0,0,0,0,0,0,0,0-0,0,0,42,52,42,52,42,52,42,52,0,0,0,0,0,0,0,0,0,0,0,0,0,0-0,0,0,0,0,0,0,0,0,0,0,0,0,0,0,0,0,0,0,0,0,0,0,0,0-0,0,0,0,0,0,0,0,0,0,0,0,0,0,0,0,0,0,0,0,0,0,0,0,0
false
5
4

</mapData>








