<mapData>
5x5
00,00,00,00,10,00,00,00,00,00,00,00,00,00,00,00,00,00,00,00,00,00,00,00,00-00,00,00,30,00,00,00,00,00,00,00,00,00,00,00,00,00,00,00,00,00,00,00,00,00-00,00,00,00,00,00,00,00,00,00,00,00,00,00,00,00,00,00,00,30,00,00,00,00,00-00,00,00,00,00,10,00,00,00,00,00,00,10,00,00,10,00,00,00,00,00,00,00,00,00-00,00,00,00,00,00,00,00,00,00,00,00,00,00,00,00,00,00,00,00,00,00,00,00,00-00,00,30,00,00,00,00,00,00,00,00,20,00,30,00,00,00,20,00,00,00,00,00,00,00-00,00,00,00,00,00,00,00,00,00,00,00,00,00,00,10,00,20,00,20,00,00,00,00,00-00,10,00,00,00,00,00,00,00,00,00,00,00,00,00,00,00,00,00,00,00,00,00,00,00-00,00,00,00,00,00,00,00,00,00,00,00,00,00,00,00,00,00,00,00,00,00,00,00,00-00,00,00,00,00,00,00,00,00,00,00,00,00,30,00,00,00,00,00,00,00,00,00,00,00-00,00,00,00,00,10,00,00,00,00,00,10,00,00,00,00,00,00,00,00,00,00,00,20,00-00,00,00,00,00,00,00,00,00,00,00,20,10,00,00,00,00,00,00,10,10,00,00,00,00-00,00,00,00,00,00,00,00,00,00,00,00,00,00,00,00,00,00,00,00,00,00,00,00,00-00,00,00,00,00,00,10,00,00,00,00,00,00,00,00,00,00,00,00,00,00,00,00,10,00-00,00,00,00,00,00,00,00,00,00,00,00,00,20,00,00,00,00,00,00,20,00,00,00,00-00,00,00,00,00,00,00,00,30,00,00,00,00,10,00,00,00,00,00,00,00,00,00,00,00-00,00,00,10,10,00,00,00,00,00,00,00,30,00,00,00,00,20,00,00,00,00,20,00,00-00,00,00,00,00,00,30,00,00,00,00,00,20,00,00,00,00,00,00,00,00,00,00,00,30-00,00,00,20,00,00,20,00,00,00,00,00,00,00,00,00,00,00,00,00,00,20,00,00,20-00,00,00,00,00,00,00,30,00,00,00,00,00,00,00,00,00,00,10,00,00,00,00,00,00-00,00,00,00,00,00,00,00,00,00,00,00,00,00,00,00,00,00,00,00,00,00,00,00,00-00,00,00,00,00,00,00,00,00,00,00,00,00,00,00,00,00,00,00,00,30,00,00,30,00-00,00,00,00,00,00,00,00,00,30,00,00,00,00,00,00,00,00,00,00,00,00,00,00,00-00,00,00,00,00,00,00,00,00,00,00,00,00,00,00,20,00,00,00,00,30,00,00,00,00-00,00,10,00,00,00,00,00,00,00,00,00,00,00,00,00,00,00,20,00,00,00,00,20,00
62,72,61,71,61,71,61,71,61,71,61,71,62,72,61,71,62,72,62,72,62,72,61,71,62-61,71,62,72,62,72,62,72,42,52,42,52,61,71,62,72,61,71,61,71,61,71,42,52,61-62,72,61,71,61,71,61,71,0,0,0,0,42,52,61,71,42,52,42,52,42,52,0,0,62-61,71,62,72,42,52,42,52,0,0,0,0,0,0,42,52,0,0,0,0,0,0,0,0,61-62,72,61,71,0,329,429,429,429,529,0,0,0,0,0,0,0,0,0,0,0,0,0,0,62-61,71,62,72,0,331,431,431,431,531,0,0,0,0,0,0,60,70,60,70,0,0,0,0,61-62,72,61,71,0,0,0,0,0,0,0,0,0,0,60,70,61,71,61,71,60,70,0,0,62-61,71,62,72,329,429,429,429,429,529,0,329,429,529,61,71,62,72,62,72,61,71,0,0,61-62,72,61,71,330,029,129,129,229,530,0,330,430,530,62,72,61,71,61,71,62,72,0,0,62-61,71,62,72,330,030,130,130,230,530,0,331,431,531,61,71,62,72,62,72,61,71,0,0,61-62,72,61,71,330,031,131,131,231,530,0,0,60,70,62,72,61,71,61,71,42,52,0,0,62-61,71,62,72,331,431,431,532,431,531,0,0,61,71,61,71,62,72,42,52,0,0,0,0,61-62,72,61,71,0,0,0,0,0,0,0,0,42,52,42,52,61,71,0,0,0,0,0,0,62-61,71,62,72,0,0,0,0,0,0,0,0,0,0,0,0,42,52,0,0,0,0,0,0,61-62,72,61,71,60,70,0,0,0,0,0,0,0,0,0,0,0,0,0,0,0,0,0,0,42-61,71,62,72,61,71,0,0,0,0,0,0,0,0,0,0,0,0,0,0,0,0,0,0,0-62,72,61,71,62,72,60,70,0,0,0,0,0,0,0,0,0,0,0,0,0,0,0,0,60-61,71,62,72,61,71,61,71,0,0,0,0,60,70,0,0,0,0,0,0,0,0,0,0,61-62,72,61,71,62,72,62,72,0,0,60,70,61,71,60,70,0,0,0,0,0,0,0,0,62-61,71,62,72,61,71,61,71,60,70,61,71,62,72,61,71,0,0,0,0,60,70,60,70,61-62,72,61,71,62,72,62,72,61,71,62,72,61,71,62,72,60,70,60,70,61,71,61,71,62-61,71,62,72,61,71,61,71,62,72,61,71,62,72,61,71,61,71,61,71,62,72,62,72,61-62,72,61,71,62,72,62,72,61,71,62,72,61,71,62,72,62,72,62,72,61,71,61,71,62-61,71,62,72,61,71,61,71,62,72,61,71,62,72,61,71,61,71,61,71,62,72,62,72,61-62,72,61,71,62,72,62,72,61,71,62,72,61,71,62,72,62,72,62,72,61,71,61,71,62
false
5
5
kevin
</mapData>











