<mapData>
5x6
00,00,00,00,00,00,00,00,00,00,00,00,00,00,00,00,30,00,00,00,00,10,00,00,00-00,00,00,30,00,00,00,00,00,00,00,00,00,00,00,10,00,00,00,00,00,00,00,00,00-00,00,00,00,00,00,00,20,00,00,00,00,00,00,00,00,20,00,00,00,00,00,00,00,00-00,00,00,30,00,00,00,00,30,00,00,00,00,00,00,10,00,10,00,10,00,00,00,00,00-00,00,00,00,00,00,00,00,00,30,00,00,00,00,00,00,00,00,00,30,00,00,00,00,30-00,00,00,20,30,10,00,10,00,00,00,00,00,00,00,00,00,00,10,00,00,00,00,00,00-00,00,00,00,00,00,00,20,00,59,69,69,69,69,69,69,69,69,69,79,00,00,00,00,00-00,00,00,00,00,00,00,10,00,510,610,610,610,610,610,610,610,610,610,710,30,00,00,00,00-00,00,10,00,00,00,00,00,00,510,610,610,610,610,610,610,610,610,610,710,00,00,00,00,00-69,69,69,69,69,69,69,69,69,310,610,610,610,610,610,610,610,610,610,710,10,00,00,00,00-611,611,611,611,611,611,611,611,611,311,610,610,610,610,610,610,610,610,610,710,00,10,00,00,00-00,20,00,00,00,00,00,00,00,510,610,610,610,610,610,610,610,610,610,710,00,00,00,00,00-00,10,00,00,10,00,00,00,20,510,610,610,610,610,610,610,610,610,610,710,00,00,00,00,00-00,00,00,00,00,00,30,00,00,510,610,610,610,610,610,610,610,610,610,710,00,00,30,00,00-00,00,00,00,20,00,00,00,00,510,610,610,610,610,610,610,610,610,610,710,30,00,00,00,00-00,10,00,00,30,00,00,00,00,510,610,610,610,610,610,610,610,610,610,710,00,00,00,00,00-00,00,00,00,00,00,00,00,00,511,611,611,611,611,611,611,611,611,611,711,00,00,00,00,00-00,00,00,00,00,00,00,00,00,00,00,00,00,00,00,00,00,00,00,00,00,00,00,00,00-00,00,00,00,00,00,00,00,00,00,10,00,10,00,00,00,00,00,00,00,00,00,00,00,00-00,00,00,00,00,00,00,00,00,00,00,00,10,00,00,00,00,00,00,00,00,10,00,00,30-00,00,00,00,00,00,20,20,00,00,00,00,00,00,00,00,00,00,00,00,00,00,00,00,00-00,00,00,00,00,00,00,00,00,00,10,00,00,00,00,20,00,00,00,00,20,00,00,00,00-00,00,00,00,00,00,00,00,00,00,00,00,10,00,00,00,10,00,30,00,00,00,00,00,00-00,00,00,00,00,00,00,00,00,00,00,00,00,30,00,00,00,00,00,00,00,00,00,00,00-00,00,00,00,00,00,00,00,00,00,00,00,00,00,00,20,00,10,00,00,00,30,00,00,00
61,71,62,72,61,71,61,71,62,72,61,71,62,72,62,72,61,71,61,71,62,72,62,72,61-62,72,61,71,62,72,42,52,61,71,62,72,61,71,61,71,42,52,62,72,61,71,61,71,62-61,71,42,52,61,71,0,0,42,52,61,71,42,52,42,52,0,0,61,71,62,72,62,72,61-62,72,0,0,42,52,0,0,0,0,42,52,0,0,0,0,0,0,42,52,61,71,61,71,62-61,71,0,0,0,0,0,0,0,0,0,0,0,0,0,0,0,0,0,0,42,52,62,72,61-42,52,0,0,0,60,70,0,0,0,0,0,0,0,0,0,0,0,0,0,0,0,61,71,62-0,0,0,0,0,61,71,0,0,624,023,023,023,023,023,023,023,023,023,724,0,0,62,72,61-0,0,0,0,0,42,52,0,0,024,0,0,0,0,0,0,0,0,0,124,0,0,61,71,62-0,0,0,0,0,0,0,0,0,024,0,5368,6368,7368,0,5368,6368,7368,0,124,0,0,62,72,61-0,0,0,0,0,0,0,0,0,0,0,5369,6369,7369,0,5369,6369,7369,0,124,0,0,61,71,62-0,0,0,0,0,0,0,0,0,0,0,5370,6370,7370,0,5370,6370,7370,0,124,0,0,62,72,61-0,0,0,0,0,0,0,0,0,024,0,0,0,0,0,0,0,0,0,124,0,0,61,71,62-0,0,0,0,60,70,0,0,0,024,0,5368,6368,7368,0,5368,6368,7368,0,124,0,0,62,72,61-0,0,0,0,61,71,0,0,0,024,0,5369,6369,7369,0,5369,6369,7369,0,124,0,0,61,71,62-0,60,70,0,42,52,0,0,0,024,0,5370,6370,7370,0,5370,6370,7370,0,124,0,0,62,72,61-0,61,71,0,0,0,60,70,0,024,0,0,0,0,0,0,0,0,0,124,0,0,61,71,62-0,42,52,0,0,0,61,71,0,625,023,023,023,023,023,023,023,023,023,725,0,0,62,72,61-0,0,0,0,0,0,42,52,0,0,0,0,0,0,0,0,0,0,0,0,0,0,61,71,62-0,0,0,0,0,0,0,0,0,0,0,0,0,0,0,0,0,0,0,0,0,0,62,72,61-0,0,0,0,0,60,70,60,70,0,0,60,70,0,0,0,0,0,0,0,0,0,61,71,62-0,0,0,60,70,61,71,61,71,60,70,61,71,0,0,60,70,60,70,0,0,0,62,72,61-0,60,70,61,71,40,50,40,50,61,71,40,50,60,70,61,71,61,71,60,70,0,61,71,62-70,61,71,40,50,41,51,41,51,40,50,41,51,61,71,40,50,40,50,61,71,0,62,72,61-71,40,50,41,51,40,50,40,50,41,51,40,50,40,50,41,51,41,51,40,50,11,61,71,62-72,41,51,40,50,41,51,41,51,40,50,41,51,41,51,40,50,40,50,41,51,0,62,72,61
false
5
6
kevin
</mapData>








