<mapData>
5x7
00,00,00,00,00,00,00,00,00,30,00,00,00,00,00,00,00,00,00,00,00,00,00,00,00-00,00,00,00,00,00,00,00,00,00,00,00,00,00,00,00,00,00,00,00,00,00,00,00,00-00,00,00,00,00,00,00,00,00,00,00,00,00,10,00,00,00,00,00,00,00,00,00,00,00-00,00,10,00,00,00,00,00,00,00,00,00,00,00,00,00,00,00,00,30,00,00,30,00,00-00,00,00,00,00,00,00,00,00,00,30,00,00,00,20,00,00,00,00,00,00,00,00,00,00-00,00,00,00,00,10,00,00,00,00,00,00,00,00,10,00,00,00,00,00,00,00,00,00,00-00,00,00,00,20,00,00,00,10,00,00,00,00,00,00,00,20,00,30,00,00,00,00,00,00-00,00,00,00,00,00,00,30,20,00,00,00,00,00,00,00,10,00,00,00,00,00,00,00,00-00,00,00,00,00,00,00,00,00,00,00,00,00,00,00,00,00,00,00,00,00,00,00,00,10-00,00,00,00,00,30,00,00,00,00,00,00,20,00,00,00,00,00,00,00,00,00,00,00,00-00,10,00,00,00,00,00,00,00,00,00,00,00,00,00,00,00,00,00,00,00,00,00,00,00-00,00,00,00,00,00,00,00,00,00,00,00,00,00,20,00,00,20,00,00,00,00,00,00,10-00,00,00,00,00,00,00,10,00,00,00,00,00,20,00,00,00,00,00,00,00,00,00,00,00-00,00,00,00,10,00,00,00,00,00,00,00,00,00,00,00,00,00,00,30,00,00,00,00,00-00,00,00,00,00,00,00,00,00,00,00,00,00,00,00,00,00,00,20,00,00,00,00,00,00-00,00,00,00,00,00,00,00,00,00,00,00,00,00,20,00,00,00,00,10,00,00,00,10,00-00,00,00,00,00,00,00,00,00,00,00,00,00,00,00,10,00,00,00,00,30,00,00,30,00-00,00,00,00,00,00,00,00,00,00,00,00,00,00,00,00,00,00,00,20,00,00,00,20,00-00,00,00,00,00,00,00,00,00,00,30,00,00,00,00,00,00,00,00,00,00,00,00,00,00-00,00,00,00,20,00,00,00,00,00,00,00,00,00,00,00,00,00,10,00,00,00,00,00,00-00,00,00,00,00,00,30,00,00,00,00,00,00,00,00,10,00,20,00,20,00,00,00,00,00-30,00,00,00,00,00,00,00,00,00,10,00,00,00,00,00,00,10,00,00,00,00,00,00,00-00,00,00,00,00,00,00,00,00,00,00,00,00,00,00,00,00,00,00,00,00,00,00,00,00-00,00,00,00,00,00,00,00,00,20,20,00,00,00,00,00,00,00,00,00,00,00,00,00,20-00,00,00,00,00,10,00,00,00,00,00,00,00,20,00,00,00,00,00,00,00,00,00,00,00
71,40,50,41,51,40,50,40,50,41,51,40,50,40,50,41,51,41,51,40,50,0,61,71,62-50,41,51,42,52,41,51,41,51,42,52,41,51,41,51,42,52,42,52,41,51,0,42,52,61-51,42,52,0,0,42,52,42,52,0,0,42,52,42,52,0,0,0,0,42,52,0,0,0,42-52,0,0,0,0,0,0,0,0,0,0,0,0,0,0,0,0,0,0,0,0,0,0,0,0-626,626,626,626,626,626,626,626,726,0,0,526,626,626,626,626,626,626,626,626,626,626,626,626,626-627,627,627,627,627,627,627,627,727,0,0,527,627,627,627,627,627,627,627,627,627,627,627,627,627-627,627,627,627,627,627,627,627,727,0,0,527,627,627,627,627,627,627,627,627,627,627,627,627,627-627,627,627,627,627,627,627,627,727,0,0,527,627,627,627,627,627,627,627,627,627,627,627,627,627-627,627,627,627,627,627,627,627,727,0,0,527,627,627,627,627,627,627,627,627,627,627,627,627,627-627,627,627,627,627,627,627,627,727,0,0,527,627,627,627,627,627,627,627,627,627,627,627,627,627-627,627,627,627,627,627,627,627,727,0,0,527,627,627,627,627,627,627,627,627,627,627,627,627,627-627,627,627,627,627,627,627,627,727,0,0,527,627,627,627,627,627,627,627,627,627,627,627,627,627-627,627,627,627,627,627,627,627,727,0,0,527,627,627,627,627,627,627,627,627,627,627,627,627,627-627,627,627,627,627,627,627,627,727,0,0,527,627,627,627,627,627,627,627,627,627,627,627,627,627-627,627,627,627,627,627,627,627,627,626,626,627,627,627,627,627,627,627,627,627,627,627,627,627,627-627,627,627,627,627,627,627,627,627,627,627,627,627,627,627,627,627,627,627,627,627,627,627,627,627-627,627,627,627,627,627,627,627,627,627,627,627,627,627,627,627,627,627,627,627,627,627,627,627,627-627,627,627,627,627,627,627,627,627,627,627,627,627,627,627,627,627,627,627,627,627,627,627,627,627-627,627,627,627,627,627,627,627,627,627,627,627,627,627,627,627,627,627,627,627,627,627,627,627,627-627,627,627,627,627,627,627,627,627,627,627,627,627,627,627,627,627,627,627,627,627,627,627,627,627-627,627,627,627,627,627,627,627,627,627,627,627,627,627,627,627,627,627,627,627,627,627,627,627,627-627,627,627,627,627,627,627,627,627,627,627,627,627,627,627,627,627,627,627,627,627,627,627,627,627-627,627,627,627,627,627,627,627,627,627,627,627,627,627,627,627,627,627,627,627,627,627,627,627,627-627,627,627,627,627,627,627,627,627,627,627,627,627,627,627,627,627,627,627,627,627,627,627,627,627-627,627,627,627,627,627,627,627,627,627,627,627,627,627,627,627,627,627,627,627,627,627,627,627,627
false
5
7
kevin
</mapData>

















