<mapData>
6x-2
00,00,00,00,00,00,00,30,00,00,00,00,10,00,00,00,00,30,00,00,00,10,00,00,00-00,00,10,00,30,00,00,00,00,00,00,00,00,00,00,00,00,10,00,00,00,00,00,00,00-00,00,30,00,00,10,00,00,20,00,00,00,00,00,00,00,00,00,00,00,00,00,00,00,00-00,00,00,00,30,00,00,00,00,00,00,00,00,00,00,00,30,00,00,00,00,00,00,00,00-00,00,00,00,00,10,00,00,00,00,00,00,00,00,00,00,00,00,00,00,20,00,00,00,20-00,00,00,00,00,00,30,00,00,00,00,00,10,00,00,00,00,00,00,00,00,00,00,00,00-00,00,00,00,00,00,00,00,00,00,00,00,00,00,00,00,00,00,00,00,00,00,00,00,20-00,00,10,00,00,00,00,00,00,00,00,20,00,00,00,00,00,00,10,00,00,00,00,00,00-00,00,00,00,00,20,00,00,00,20,00,00,00,00,00,00,00,00,00,00,00,00,00,30,00-00,00,00,00,30,20,00,10,00,00,00,00,10,00,10,00,20,00,00,00,10,00,00,00,00-00,00,00,00,00,10,00,00,10,00,00,00,00,00,00,20,00,00,00,00,00,00,00,00,00-00,00,00,00,00,00,00,00,00,00,00,00,00,00,00,00,00,00,00,00,00,00,00,00,00-00,00,00,00,00,00,00,00,00,30,00,00,00,00,00,00,00,00,00,00,00,00,00,00,00-00,00,00,00,00,00,00,00,00,00,00,00,00,00,00,00,00,00,00,00,00,00,30,00,00-00,00,00,10,00,00,00,30,00,00,00,00,00,00,00,00,00,00,00,00,00,00,10,00,00-00,00,00,00,00,00,00,10,00,00,00,00,00,00,20,00,00,00,00,00,00,00,00,00,30-10,00,00,10,00,00,00,00,00,00,30,00,00,00,00,10,00,30,00,00,00,00,00,00,00-00,00,00,00,00,00,00,10,00,00,00,00,00,00,00,00,20,00,00,00,00,00,10,00,00-00,00,00,00,00,00,00,00,00,00,00,00,00,00,00,00,00,00,00,00,00,00,00,00,00-00,00,00,00,00,00,30,00,00,00,30,00,00,00,00,00,00,00,00,20,00,00,00,00,30-00,00,00,00,00,00,00,00,00,30,00,00,00,00,00,00,00,00,00,00,00,00,00,00,00-00,00,00,30,00,00,00,00,00,00,20,00,00,00,00,30,00,00,00,00,00,00,00,00,00-00,00,00,00,00,00,00,00,00,00,00,00,00,00,00,00,00,00,00,00,00,00,00,00,00-10,00,00,00,20,00,00,00,20,00,00,00,00,30,00,00,00,00,00,30,00,00,00,00,00-00,00,00,10,00,00,00,00,00,10,00,00,00,00,00,00,00,00,00,00,00,30,00,10,00
0,0,0,0,0,0,0,0,0,0,0,0,0,0,0,0,0,0,0,0,0,0,0,0,0-0,0,0,0,0,0,0,0,0,0,0,0,0,0,0,0,0,0,0,0,0,0,0,0,0-0,0,0,0,0,0,0,0,0,0,0,0,0,0,0,0,0,0,0,0,0,0,0,0,0-0,0,0,0,0,0,0,0,0,0,0,0,0,0,0,0,0,0,0,0,0,0,0,0,0-0,0,0,0,0,0,0,0,0,0,0,0,0,0,0,0,0,0,0,0,0,0,0,0,0-0,0,0,0,0,0,0,0,0,0,0,0,0,0,0,0,0,0,0,0,0,0,0,0,0-0,0,0,0,0,0,0,0,0,0,0,0,0,0,0,0,0,0,0,0,0,0,0,0,0-0,0,0,0,0,0,0,0,0,0,0,0,0,0,0,0,0,0,0,0,0,0,0,0,0-0,0,0,0,0,0,0,0,0,0,0,0,0,0,0,0,0,0,0,0,0,0,0,0,0-0,0,0,0,0,0,0,0,0,0,0,0,0,0,0,0,0,0,0,0,0,0,0,0,0-626,626,626,626,626,626,626,626,626,626,626,626,626,626,626,726,0,0,0,0,0,0,0,0,0-627,627,627,627,627,627,627,627,627,627,627,627,627,627,627,727,0,0,0,0,0,0,0,0,0-627,627,627,627,627,627,627,627,627,627,627,627,627,627,627,727,0,0,0,0,0,0,0,0,0-628,628,628,628,628,628,628,628,628,628,628,628,627,627,627,727,0,0,0,0,0,0,0,0,0-16,16,16,16,16,16,16,16,16,16,16,16,527,627,627,727,0,0,0,0,0,0,0,0,0-16,16,16,16,16,16,16,16,16,16,16,16,527,627,627,727,0,0,0,0,0,0,0,0,0-16,16,16,16,16,16,16,16,16,16,16,16,527,627,627,727,0,0,0,0,0,0,0,0,0-16,16,16,16,16,16,16,16,16,16,16,16,527,627,627,727,0,0,0,0,0,0,0,0,0-16,16,16,16,16,16,16,16,16,16,16,16,527,627,627,727,0,0,0,0,0,0,0,0,0-16,16,16,16,16,16,16,16,16,16,16,16,527,627,627,727,0,0,0,0,0,0,0,0,0-16,16,16,16,16,16,16,16,16,16,16,16,527,627,627,727,0,0,0,0,0,0,0,0,0-16,16,16,16,16,16,16,16,16,16,16,16,527,627,627,727,0,0,0,0,0,0,0,0,0-16,16,16,16,16,16,16,16,16,16,16,16,527,627,627,727,0,0,0,0,0,0,0,0,0-16,16,16,16,16,16,16,16,16,16,16,16,527,627,627,727,0,0,0,0,0,0,0,0,0-16,16,16,16,16,16,16,16,16,16,16,16,527,627,627,727,0,0,0,0,0,0,0,0,0
false
6
-2
kevin
</mapData>











