<mapData>
6x-3
00,00,00,00,00,00,00,00,00,00,10,10,00,00,00,00,00,00,00,00,00,00,00,00,00-00,00,10,00,00,00,00,00,00,00,00,00,00,00,00,20,00,00,00,00,00,00,00,00,00-00,00,00,00,00,00,00,00,10,00,00,20,00,00,00,00,00,00,10,00,00,00,00,00,00-00,00,10,00,00,00,00,00,00,00,00,00,00,00,00,00,00,00,00,00,00,00,00,00,00-00,00,00,00,00,00,00,00,00,00,00,00,00,00,00,00,00,10,00,00,00,00,00,00,00-00,00,00,00,00,00,00,00,00,00,00,00,00,10,20,00,00,00,00,00,00,00,00,00,00-10,00,00,00,00,00,00,00,20,00,00,00,10,00,00,00,00,30,00,00,00,00,00,00,00-00,00,00,00,00,00,00,00,00,00,00,00,00,00,00,00,00,00,00,00,00,00,00,00,00-00,00,00,00,00,00,00,00,00,00,00,00,00,00,00,00,00,10,00,00,00,00,00,00,00-00,00,00,00,00,20,00,00,00,00,00,10,00,00,00,00,00,00,00,00,00,00,00,00,00-00,00,00,00,00,00,00,00,00,00,00,00,00,30,00,00,00,00,00,00,00,00,00,00,00-00,00,00,20,00,00,00,00,00,00,00,00,00,00,00,00,00,00,30,00,00,00,00,00,00-00,00,00,00,00,00,00,20,00,00,00,00,00,00,00,10,00,00,00,00,00,00,00,00,00-00,00,00,00,10,00,00,00,00,00,00,00,00,00,00,00,30,00,00,00,00,00,00,00,00-00,00,00,00,00,00,00,00,00,00,00,00,00,00,00,00,00,00,00,00,00,00,00,00,00-00,00,00,20,00,20,10,00,00,00,00,00,00,00,00,00,00,00,00,00,00,00,10,20,30-00,00,00,00,00,00,00,30,00,00,00,00,30,00,00,00,20,10,00,20,00,30,00,00,00-00,30,00,00,20,00,30,00,20,00,00,00,00,00,00,00,00,00,00,00,00,10,00,00,00-00,00,00,30,00,00,00,00,00,00,00,00,00,00,00,00,20,00,00,00,00,00,20,00,20-10,00,00,00,00,00,00,00,00,00,00,00,00,00,00,00,00,00,00,20,00,00,00,00,00-00,00,00,00,00,00,00,00,00,00,00,00,00,10,00,00,00,00,20,10,00,00,00,30,30-00,00,00,00,00,00,00,00,00,00,00,00,00,00,00,20,00,00,00,00,00,00,00,00,00-00,00,00,00,00,00,00,00,00,00,00,00,00,00,00,00,00,00,00,00,00,00,00,00,00-00,00,00,00,00,00,00,00,00,00,10,00,00,00,00,10,00,10,00,00,00,00,00,00,00-00,00,00,00,00,00,30,00,00,20,10,00,00,00,00,00,00,00,00,00,00,00,00,00,30
0,0,0,0,0,0,0,0,0,0,0,0,0,0,0,0,0,0,0,0,0,0,0,0,0-0,0,0,0,0,0,0,0,0,0,0,0,0,0,0,0,0,0,0,0,0,0,0,0,0-0,0,0,0,0,0,0,0,0,0,0,0,0,0,0,0,0,0,0,0,0,0,0,0,0-0,0,0,0,0,0,0,0,0,0,0,0,0,0,0,0,0,0,0,0,0,0,0,0,0-0,0,0,0,0,0,0,0,0,0,0,0,0,0,0,0,0,0,0,0,0,0,0,0,0-0,0,0,0,0,0,0,0,0,0,0,0,0,0,0,0,0,0,0,0,0,0,0,0,0-0,0,0,0,0,0,0,0,0,0,0,0,0,0,0,0,0,0,0,0,0,0,0,0,0-0,0,0,0,0,0,0,0,0,0,0,0,0,0,0,0,0,0,0,0,0,0,0,0,0-0,0,0,0,0,0,0,0,0,0,0,0,0,0,0,0,0,0,0,0,0,0,0,0,0-0,0,0,0,0,0,0,0,0,0,0,0,0,0,0,0,0,0,0,0,0,0,0,0,0-0,0,0,0,0,0,0,0,0,0,0,0,0,0,0,0,0,0,0,0,0,0,0,0,0-0,0,0,0,0,0,0,0,0,0,0,0,0,0,0,0,0,0,0,0,0,0,0,0,0-0,0,0,0,0,0,0,0,0,0,0,0,0,0,0,0,0,0,0,0,0,0,0,0,0-0,0,0,0,0,0,0,0,0,0,0,0,0,0,0,0,0,0,0,0,526,626,626,626,626-0,0,0,0,0,0,0,0,0,0,0,0,0,0,0,0,0,0,0,0,527,627,628,628,628-0,0,0,0,0,0,0,0,0,0,0,0,0,0,0,0,0,0,0,0,527,727,0,0,0-0,0,0,0,0,0,0,0,0,0,0,0,0,0,0,0,0,0,0,0,527,727,0,0,0-0,0,0,0,0,0,0,0,0,0,0,0,0,0,0,0,0,526,626,626,627,627,726,0,0-0,0,0,0,0,0,0,0,0,0,0,0,0,0,0,0,0,527,627,627,627,627,727,0,0-0,0,0,0,0,0,0,0,0,0,0,0,0,0,0,0,0,527,627,627,627,627,727,0,0-0,0,0,0,0,0,0,0,0,0,0,0,0,0,0,0,0,527,627,627,627,627,727,0,0-0,0,0,0,0,0,0,0,0,0,0,0,0,0,0,0,0,527,627,627,627,627,727,0,0-0,0,0,0,0,0,0,0,0,0,0,0,0,0,0,0,0,528,628,627,627,627,728,0,0-0,0,0,0,0,0,0,0,0,0,0,0,0,0,0,0,0,0,0,527,627,727,0,0,0-0,0,0,0,0,0,0,0,0,0,0,0,0,0,0,0,0,0,0,527,627,727,0,0,0
false
6
-3
kevin
</mapData>

















