<mapData>
6x-4
00,00,00,00,00,00,00,00,00,00,00,00,00,00,00,00,00,00,00,00,00,00,00,00,00-00,20,00,00,00,00,00,00,00,00,00,00,00,00,00,00,10,00,10,30,00,00,00,00,00-00,00,00,00,20,00,00,10,00,00,00,00,00,00,00,00,00,00,00,00,00,00,00,00,00-00,00,00,00,00,20,00,00,00,00,00,00,30,00,00,00,00,00,00,00,00,00,00,00,00-00,30,00,00,00,00,00,00,00,00,00,00,00,00,00,00,00,00,00,20,00,00,00,00,00-00,00,10,00,00,00,00,00,00,00,00,00,00,00,00,00,00,00,00,00,00,00,00,00,10-00,00,00,00,00,00,00,00,00,00,00,00,00,00,00,00,00,00,00,00,00,00,00,00,00-00,00,00,00,00,00,00,00,00,00,00,00,00,00,00,00,00,00,00,00,00,30,00,00,00-00,00,00,00,00,00,20,00,00,00,00,00,30,00,00,10,00,00,00,00,00,00,00,00,00-00,00,00,00,00,00,00,00,10,00,00,00,00,00,00,00,30,00,00,00,00,00,00,00,00-00,00,00,00,00,00,00,00,00,20,30,00,20,00,00,00,00,00,00,00,00,00,00,10,00-00,00,00,00,00,00,30,00,00,00,00,00,00,30,00,00,00,00,00,00,00,00,00,00,00-00,00,00,00,00,00,00,00,00,00,00,00,00,00,00,20,00,00,00,00,00,00,00,00,00-00,00,00,00,00,00,00,00,00,00,00,00,00,00,00,00,00,20,00,00,00,00,00,00,00-00,00,00,00,00,00,00,00,00,00,00,10,00,00,00,00,00,00,00,00,00,00,20,00,00-00,00,00,00,00,00,00,00,00,00,00,00,00,00,00,00,00,00,00,00,00,00,00,00,00-00,00,00,00,00,00,00,00,00,00,00,00,30,00,00,00,00,00,00,00,00,00,00,00,00-20,00,30,00,00,00,00,00,00,00,00,00,00,00,00,00,00,00,00,00,00,00,00,00,00-00,00,00,00,00,00,00,00,10,00,00,00,00,00,00,00,00,00,00,00,00,00,00,00,00-00,00,00,00,00,00,00,00,00,00,00,00,30,00,00,00,00,10,00,00,00,20,10,00,30-00,00,00,00,00,00,00,20,00,00,00,00,00,30,10,00,00,00,00,10,00,00,20,00,10-00,00,00,20,00,00,00,00,00,00,00,00,00,00,00,00,00,00,00,00,00,00,00,00,00-00,00,00,00,00,00,10,00,00,00,00,00,00,00,00,00,00,00,00,00,00,00,00,00,00-00,00,30,00,00,00,00,00,00,00,00,20,00,00,00,00,00,00,00,00,00,00,00,20,00-00,00,00,00,00,00,00,20,00,00,20,00,00,00,00,00,00,00,00,00,00,30,30,00,00
0,0,0,0,0,0,0,0,0,0,0,16,0,13,0,13,0,0,0,0,0,0,0,0,0-16,16,16,16,16,16,16,0,0,0,0,16,0,13,0,13,0,0,0,0,0,0,0,0,0-0,0,0,0,0,0,16,0,16,16,0,16,0,13,0,13,0,0,0,0,0,0,0,0,0-13,13,13,13,13,0,16,0,16,0,0,16,0,13,0,13,0,0,0,0,0,0,0,0,0-0,0,0,0,13,0,16,0,16,16,0,16,0,13,0,13,0,0,0,0,0,0,0,0,0-13,13,13,0,13,0,16,0,0,16,0,16,0,13,0,13,0,0,0,0,0,0,0,0,0-0,0,13,0,13,0,16,16,16,16,0,16,0,13,0,13,0,0,0,0,0,0,0,0,0-0,0,13,0,13,0,16,0,0,0,0,16,0,13,0,13,0,0,0,0,0,0,0,0,0-0,0,13,0,13,0,16,16,16,16,16,16,0,13,0,13,0,0,0,0,0,0,0,0,0-0,0,13,0,13,0,0,0,0,0,0,0,0,13,0,13,0,0,0,0,0,0,0,0,0-0,0,13,0,13,13,13,13,13,13,13,13,13,13,0,13,13,13,13,0,0,0,0,0,0-0,0,13,0,0,0,0,0,0,0,0,0,0,0,0,0,0,0,13,0,0,0,0,0,0-0,0,13,13,13,13,13,13,13,13,13,13,13,0,13,13,13,0,13,0,0,0,0,0,0-0,0,0,0,13,0,0,0,0,0,0,0,13,0,13,0,13,0,13,0,0,0,0,0,0-0,16,16,0,13,0,13,13,13,13,13,0,13,0,13,0,13,0,13,0,0,0,0,0,0-0,0,16,0,13,0,13,0,0,0,13,0,13,0,13,0,13,0,13,0,0,0,0,0,0-0,0,16,0,13,0,13,0,13,0,13,0,13,0,13,0,13,0,13,0,0,0,0,0,0-0,0,16,0,13,0,13,0,13,0,13,0,13,0,13,0,13,0,13,0,0,0,0,0,0-0,16,16,0,13,0,13,0,13,0,13,0,13,0,13,0,13,0,13,0,0,0,0,0,0-0,16,0,0,0,0,13,0,13,0,13,0,13,0,13,0,13,0,13,0,0,0,0,0,0-0,16,0,13,13,13,13,0,13,0,13,0,13,0,13,0,0,0,13,0,0,0,0,0,0-0,16,0,13,0,0,0,0,13,0,13,13,13,13,13,13,13,0,13,0,0,0,0,0,0-0,16,0,13,0,16,16,0,13,0,0,0,0,0,0,0,0,0,13,0,0,0,0,0,0-16,16,0,13,0,16,16,0,13,0,13,13,13,13,13,13,13,13,13,0,0,0,0,0,0-0,0,0,13,0,0,16,0,13,0,13,0,0,0,0,0,0,0,0,0,0,0,0,0,0
false
6
-4
kevin
</mapData>

















