<mapData>
6x-6
00,00,00,00,00,00,00,00,10,00,00,00,00,00,00,20,00,00,00,00,00,00,00,00,00-00,00,00,20,30,00,00,00,00,00,20,00,00,00,00,00,00,00,00,00,00,00,00,00,00-00,20,00,00,00,00,20,00,00,00,00,00,20,00,00,00,00,00,00,00,00,00,00,00,00-00,00,00,00,00,00,00,00,20,00,00,00,00,00,00,00,00,00,00,00,00,00,00,20,00-00,00,00,00,00,00,00,00,00,00,00,00,00,00,00,00,00,00,20,00,00,00,00,00,00-00,00,00,00,00,00,00,00,20,00,00,00,00,00,00,00,00,00,00,00,00,00,00,00,10-00,00,00,00,00,00,00,00,00,00,10,00,00,00,00,00,00,00,00,10,00,00,00,10,30-10,00,00,20,00,00,00,00,00,00,00,10,00,00,20,00,10,20,00,00,00,00,00,00,00-30,00,00,20,00,00,20,00,00,00,00,10,00,10,00,00,00,10,30,00,30,00,00,00,00-00,20,00,00,00,00,00,00,00,00,00,20,00,00,30,00,00,00,00,00,00,00,00,00,00-00,00,00,00,00,00,00,00,00,00,00,00,00,00,10,00,00,00,00,00,00,00,00,10,00-00,00,00,00,00,00,00,00,00,00,00,00,00,00,00,10,00,00,00,00,00,00,00,00,00-00,00,00,00,00,00,00,00,20,00,00,00,00,00,00,00,00,00,00,00,00,00,00,00,00-00,00,00,00,10,00,00,00,00,00,00,00,00,20,00,00,00,00,00,00,00,00,00,00,00-00,00,00,00,00,00,00,00,00,00,00,00,30,00,00,10,20,00,00,10,00,00,00,00,00-00,00,00,00,30,00,00,00,00,00,00,00,10,00,00,00,00,00,00,00,00,00,00,00,10-00,00,00,00,00,00,30,00,00,00,00,00,00,00,00,30,00,00,00,00,00,10,00,00,00-00,00,00,00,00,00,00,00,00,00,00,00,00,00,00,00,00,00,00,00,00,00,00,00,00-00,00,00,20,00,00,00,00,00,00,00,00,00,20,00,30,00,00,00,00,00,30,00,00,00-00,00,00,00,00,00,00,00,00,20,00,00,00,00,00,00,30,00,00,00,00,00,00,00,00-00,00,00,00,00,00,00,00,30,00,00,00,00,00,00,00,00,00,00,00,00,00,20,00,00-00,00,00,00,00,00,00,00,00,00,00,00,00,30,00,00,00,10,00,00,00,00,00,00,00-00,00,00,00,00,00,00,00,00,00,00,00,00,00,30,00,00,20,00,00,30,00,00,00,00-00,00,00,00,00,00,00,00,00,10,00,00,00,00,00,00,00,00,00,00,00,00,30,00,00-00,00,00,00,00,00,00,00,00,00,00,00,00,00,00,00,00,00,30,00,00,00,00,00,00
0,0,0,0,0,0,0,0,0,0,0,0,0,0,0,0,0,0,0,0,0,0,0,0,0-0,0,0,0,0,0,0,0,0,0,0,0,0,0,0,0,0,0,0,0,0,0,0,0,0-0,0,0,0,0,0,0,0,0,0,0,0,0,0,0,0,0,0,0,0,0,0,0,0,0-0,0,0,0,0,0,0,0,0,0,0,0,0,0,0,0,0,0,0,0,0,0,0,0,0-0,0,0,0,0,0,0,0,0,0,0,0,0,0,0,0,0,0,0,0,0,0,0,0,0-0,0,0,0,0,0,0,0,0,0,0,0,0,0,0,0,0,0,0,0,0,0,0,0,0-16,16,16,16,16,16,16,16,16,16,16,16,16,0,0,0,0,0,0,0,0,0,0,0,0-0,0,0,0,0,0,0,0,0,0,0,0,16,0,0,0,0,0,0,0,0,0,0,0,0-16,16,16,16,16,16,16,16,16,16,16,0,16,0,0,0,0,0,0,0,0,0,0,0,0-0,0,0,0,0,0,0,0,0,0,16,0,16,0,0,0,0,0,0,0,0,0,0,0,0-16,16,16,16,16,0,16,16,16,0,16,0,16,0,0,0,0,0,0,0,0,0,0,0,0-0,0,0,0,16,0,16,0,16,0,16,0,16,16,16,16,0,0,0,0,0,0,0,0,0-16,16,16,0,16,0,16,0,16,0,16,0,16,0,0,16,0,0,0,0,0,0,0,0,0-0,0,16,0,16,0,16,0,16,0,16,0,16,16,0,16,0,0,0,0,0,0,0,0,0-0,0,16,0,16,0,16,0,16,0,16,0,0,16,0,16,0,0,0,0,0,0,0,0,0-0,0,16,0,16,0,16,0,16,0,16,16,0,16,0,16,0,0,0,0,0,0,0,0,0-0,0,16,0,16,0,16,0,16,0,0,16,0,16,0,16,0,0,0,0,0,0,0,0,0-0,0,16,0,16,0,16,0,16,16,0,16,0,16,0,16,0,0,0,0,0,0,0,0,0-0,0,16,0,16,0,16,0,0,16,0,16,0,16,0,16,0,0,0,0,0,0,0,0,0-0,0,16,0,16,0,16,16,0,16,0,16,0,16,0,16,0,0,0,0,0,0,0,0,0-0,0,16,0,16,0,0,16,0,16,0,16,0,16,0,16,0,0,0,0,0,0,0,0,0-0,0,16,0,16,16,0,16,0,16,0,16,0,16,0,16,16,16,16,16,16,16,0,0,0-0,0,16,0,0,16,0,16,0,0,0,16,0,16,0,0,0,0,0,0,0,16,0,0,0-0,16,16,16,0,16,0,16,0,0,16,16,0,16,16,16,16,16,16,16,0,16,0,0,0-0,0,0,0,0,16,0,16,0,0,16,0,0,0,0,0,0,0,0,16,0,16,0,0,0
false
6
-6
kevin
</mapData>

















