<mapData>
6x1
10,00,00,00,00,00,00,20,10,00,00,00,00,00,00,00,00,00,00,00,00,00,00,00,00-00,00,00,00,00,00,00,00,10,00,00,00,10,00,00,00,00,00,00,00,20,00,00,00,30-00,00,00,00,00,30,00,00,00,00,00,00,00,00,00,00,00,00,00,00,00,00,30,00,00-00,00,00,00,00,30,00,00,00,00,00,00,00,00,00,00,00,00,00,30,00,00,00,00,00-30,00,00,00,00,00,00,00,00,00,00,00,00,00,00,00,00,00,00,00,00,00,00,00,00-00,00,00,00,00,00,00,00,00,00,00,00,00,00,30,00,00,10,00,00,00,00,30,00,00-00,00,00,00,00,00,00,00,00,00,00,10,00,00,00,00,00,00,00,00,00,00,20,00,20-00,00,00,00,00,00,00,00,00,00,00,00,00,00,00,30,00,00,00,00,00,00,00,20,00-00,00,00,00,00,00,00,00,00,00,00,10,10,00,00,00,00,00,00,00,00,00,00,00,00-00,00,20,00,00,00,10,00,00,00,00,00,00,00,00,00,10,00,00,00,00,10,00,20,00-00,00,20,00,00,00,00,00,00,00,00,00,00,10,00,00,00,00,00,00,00,00,00,00,00-00,00,00,00,00,00,00,00,00,00,00,10,00,00,00,00,00,00,00,00,00,00,00,00,00-00,00,00,00,00,00,30,00,00,00,00,00,00,00,00,00,00,00,00,00,00,00,00,00,00-00,00,00,00,00,00,20,00,00,00,00,00,00,30,00,00,20,00,00,00,00,00,00,00,00-00,00,00,00,00,00,00,00,00,00,00,00,00,00,00,00,00,00,00,00,00,00,00,00,00-00,00,00,00,00,00,00,00,00,00,30,00,00,00,00,00,00,10,00,00,00,00,00,00,00-00,00,00,00,00,00,00,00,00,00,00,00,00,00,00,00,00,00,00,00,00,00,00,00,00-10,00,00,00,00,20,00,00,00,00,00,00,00,00,00,00,00,00,00,00,00,30,00,00,00-00,00,00,00,00,00,00,00,00,00,00,00,00,00,00,00,00,00,00,00,00,00,00,00,20-00,00,00,00,00,00,00,00,30,00,30,10,00,00,00,00,00,00,20,00,00,00,00,00,00-00,10,00,00,00,00,10,00,00,00,00,00,00,00,00,00,00,00,00,00,00,00,00,00,00-30,00,00,00,30,00,00,00,00,20,00,00,00,00,20,00,00,00,00,30,00,00,00,20,00-10,00,00,00,00,00,00,00,00,00,00,00,00,20,10,00,00,00,00,00,00,00,00,00,00-00,20,00,00,00,00,00,00,00,00,00,00,00,00,00,00,00,00,00,00,00,00,00,00,00-00,00,00,00,00,00,00,00,00,00,00,00,00,00,00,00,00,00,00,00,00,00,00,00,00
627,627,627,627,627,627,627,627,627,627,627,627,627,627,627,727,0,0,0,0,0,0,0,0,0-628,628,628,628,628,628,628,628,628,628,628,628,628,628,628,728,0,0,0,0,0,0,0,0,0-0,0,60,70,60,70,60,70,0,0,0,0,0,0,0,0,0,0,0,0,0,0,0,0,0-0,0,41,51,41,51,41,51,60,70,0,0,0,0,0,0,0,0,0,0,0,0,0,0,0-0,0,40,50,40,50,40,50,41,51,0,0,0,0,0,0,0,0,0,0,0,0,0,0,0-0,0,41,51,41,51,41,51,40,50,60,70,0,0,0,0,0,0,60,70,0,0,0,0,0-0,0,40,50,40,50,40,50,41,51,41,51,60,70,0,0,60,70,41,51,0,0,0,0,0-0,0,41,51,41,51,41,51,40,50,40,50,41,51,60,70,41,51,40,50,0,0,0,0,0-0,0,42,52,40,50,40,50,41,51,41,51,40,50,41,51,40,50,41,51,0,0,0,0,0-0,0,0,0,41,51,41,51,40,50,40,50,41,51,40,50,41,51,40,50,60,70,0,0,0-0,0,0,0,40,50,40,50,41,51,41,51,40,50,41,51,40,50,41,51,41,51,0,0,0-0,0,60,70,41,51,41,51,40,50,40,50,41,51,40,50,41,51,40,50,40,50,0,0,0-0,0,61,71,40,50,40,50,41,51,41,51,40,50,41,51,40,50,41,51,41,51,0,0,0-0,0,40,50,41,51,41,51,40,50,40,50,41,51,40,50,41,51,40,50,40,50,0,0,0-0,0,41,51,40,50,40,50,41,51,41,51,40,50,41,51,40,50,41,51,41,51,0,0,0-0,0,40,50,41,51,41,51,40,50,40,50,41,51,40,50,41,51,40,50,40,50,0,0,0-0,0,41,51,42,52,40,50,41,51,41,51,40,50,41,51,40,50,41,51,41,51,0,0,0-0,0,42,52,0,6407,41,51,40,50,40,50,41,51,40,50,41,51,40,50,40,50,0,0,0-0,0,0,0,0,6408,40,50,41,51,41,51,40,50,41,51,40,50,41,51,41,51,0,0,0-0,0,0,0,0,0,41,51,40,50,40,50,41,51,40,50,41,51,40,50,42,52,0,0,0-0,0,0,0,0,0,42,52,41,51,41,51,40,50,41,51,40,50,41,51,0,0,0,0,0-0,0,0,0,0,0,0,0,40,50,40,50,41,51,40,50,41,51,40,50,0,0,0,0,0-0,0,0,0,0,0,0,0,41,51,41,51,40,50,41,51,40,50,41,51,0,0,0,0,0-0,0,0,0,0,0,0,0,40,50,40,50,41,51,40,50,41,51,40,50,0,0,0,0,0-0,0,0,0,0,0,0,0,41,51,41,51,40,50,41,51,40,50,41,51,0,0,0,0,0
false
6
1

</mapData>








