<mapData>
6x2
00,00,00,00,00,00,01,01,00,00,30,00,00,00,00,00,00,00,00,00,00,00,00,00,00-00,10,00,00,20,01,01,01,00,00,00,00,20,00,00,00,00,00,00,00,00,00,00,00,00-00,00,00,30,01,01,01,01,00,00,00,00,00,00,00,00,00,00,00,00,00,00,00,00,20-00,00,00,00,01,01,01,01,00,00,00,00,00,00,00,00,00,30,00,00,00,00,00,00,00-00,00,00,00,00,01,00,00,00,00,00,00,00,10,30,00,20,00,00,00,20,00,00,00,00-00,00,00,00,00,00,00,00,00,00,00,00,00,10,10,00,00,00,00,00,00,00,00,00,00-00,00,30,00,00,00,00,00,00,00,00,00,00,00,20,00,00,00,00,00,00,00,00,00,00-00,00,10,00,00,00,00,00,00,00,00,10,00,00,00,00,00,00,00,00,00,00,00,00,00-00,00,02,12,12,12,12,12,12,12,12,22,00,00,10,00,20,00,00,00,00,00,00,00,10-00,00,03,13,13,13,13,13,13,13,13,23,00,00,00,00,00,00,00,00,00,00,00,00,10-00,00,03,13,13,13,13,13,13,13,13,23,00,00,10,00,00,00,00,00,00,00,00,00,00-00,00,03,13,13,13,13,13,13,13,13,23,00,00,00,00,00,00,10,00,00,00,00,00,00-30,00,03,13,13,13,13,13,13,13,13,23,00,00,00,00,00,00,00,00,00,00,00,00,00-00,00,03,13,13,13,13,13,13,13,13,23,00,00,00,00,00,00,00,00,00,00,00,00,00-00,30,03,13,13,13,13,13,13,13,13,23,00,00,00,00,00,00,00,00,00,00,00,00,00-00,00,03,13,13,13,13,13,13,13,13,23,00,00,00,00,00,00,00,00,00,00,20,00,00-00,00,03,13,13,13,13,13,13,13,13,23,00,00,00,00,00,00,10,00,00,00,00,00,00-00,00,03,13,13,13,13,13,13,13,13,23,00,00,00,00,00,30,00,00,00,10,00,00,00-00,00,03,13,13,13,13,13,13,13,13,23,00,00,00,00,00,00,00,00,00,00,00,00,00-00,00,03,13,13,13,13,13,13,13,13,23,00,00,00,00,00,00,00,00,00,00,00,00,00-00,00,04,14,14,14,14,14,14,14,14,24,00,00,00,00,00,00,00,20,30,00,10,00,00-00,00,00,00,00,00,00,00,00,00,00,00,00,20,00,00,00,00,00,00,20,00,00,00,00-00,00,00,00,00,00,00,00,00,00,00,10,00,00,00,00,00,00,00,00,00,00,00,00,00-00,00,30,00,00,00,00,00,00,00,00,10,00,00,00,20,00,20,30,00,20,00,00,00,00-00,00,00,20,00,00,00,00,00,00,00,30,00,20,00,00,00,00,00,00,00,00,20,00,00
0,0,0,0,0,0,0,0,40,50,40,50,41,51,40,50,41,51,40,50,0,0,0,0,0-0,0,0,0,0,0,0,0,41,51,41,51,40,50,41,51,40,50,41,51,0,0,0,0,0-0,0,0,0,0,0,0,0,42,52,40,50,41,51,40,50,41,51,40,50,0,0,0,0,0-0,0,0,0,0,0,0,0,0,0,41,51,40,50,41,51,40,50,41,51,0,0,0,0,0-0,0,0,0,0,0,0,0,0,0,40,50,41,51,40,50,41,51,42,52,0,0,0,0,0-0,0,0,0,0,0,0,0,60,70,41,51,40,50,41,51,40,50,0,0,0,0,0,0,0-0,0,0,0,0,0,0,0,61,71,40,50,41,51,40,50,41,51,0,0,0,0,0,0,0-0,624,023,0,0,023,023,023,40,50,41,51,40,50,41,51,42,52,0,0,0,0,0,0,0-0,024,0,0,0,0,0,0,41,51,40,50,41,51,42,52,0,0,0,0,0,0,0,0,0-0,024,0,0,0,0,0,0,42,52,41,51,40,50,0,0,0,0,0,0,0,0,0,0,0-0,024,0,0,0,0,0,0,0,0,42,52,41,51,0,0,0,0,0,0,0,0,0,0,0-0,024,0,0,0,0,0,0,0,0,0,0,40,50,0,0,0,0,0,0,0,0,0,0,0-0,024,0,0,0101,1101,1101,1101,2101,0,0,0,41,51,0,0,0,0,0,0,0,0,0,0,0-0,024,0,0,0102,1102,2102,3102,4102,0,0,0,40,50,60,70,0,0,0,0,0,0,0,0,0-0,024,0,43,0103,1103,2103,3103,4103,0,0,0,41,51,61,71,0,0,0,0,0,0,0,0,0-0,024,0,0,0,0,0,0,0,0,60,70,40,50,40,50,0,0,0,0,0,0,0,0,0-0,024,0,0,0,0,0,0,0,0,61,71,41,51,41,51,0,0,0,0,0,0,0,0,0-60,70,0,0,0,0,0,0,0,0,40,50,40,50,40,50,0,0,0,0,0,0,0,0,0-61,71,0,0,0,0,0,0,60,70,41,51,41,51,41,51,0,0,0,0,0,0,0,0,0-40,50,60,70,0,0,60,70,61,71,40,50,40,50,40,50,0,0,0,0,0,0,0,0,0-41,51,61,71,60,70,61,71,40,50,41,51,41,51,41,51,60,70,60,70,60,70,0,0,60-40,50,40,50,61,71,40,50,41,51,40,50,40,50,40,50,61,71,61,71,61,71,60,70,61-41,51,41,51,40,50,41,51,40,50,41,51,41,51,41,51,40,50,40,50,40,50,61,71,40-40,50,40,50,41,51,40,50,41,51,40,50,40,50,40,50,41,51,41,51,41,51,40,50,41-41,51,41,51,40,50,41,51,40,50,41,51,41,51,41,51,40,50,40,50,40,50,41,51,40
false
6
2
kevin
</mapData>
<pokemon>
10
50
10
20
</pokemon>
<pokemon>
16
50
10
20
</pokemon>











<personAction>
6
9
HmbN6sB75pSSkQ5



false
true
false
false
/images/chars/casualguy1.png

-16
actionObject spritely
casualguy1


</personAction>

<messagePersonAction>
6
9
HmbN6sB75pSSkQ5



false
true
false
false
/images/chars/casualguy1.png

-16
actionObject spritely
casualguy1



</messagePersonAction>

<pokemonAction>
5
17
QjWOLr1DsjTh0y7



false
true
false
false
/images/followers/18.png
-8
-16
actionObject spritely overworldPokemon
18
llrr
d
</pokemonAction>

<messagePokemonAction>
5
17
QjWOLr1DsjTh0y7



false
true
false
false
/images/followers/18.png
-8
-16
actionObject spritely overworldPokemon
18
llrr
d
Tjirp
</messagePokemonAction>



