<mapData>
6x3
00,00,20,00,00,00,00,20,00,00,00,10,00,00,30,00,20,00,00,00,10,00,00,00,00-00,00,00,00,00,00,00,00,00,00,00,00,00,00,00,00,00,10,00,00,00,00,00,00,00-00,00,00,00,30,00,00,00,00,00,00,00,00,10,00,00,00,00,00,20,00,00,20,00,00-00,00,00,00,20,00,00,00,00,00,00,00,00,00,00,00,00,00,00,00,10,00,00,00,00-20,00,00,00,00,00,00,00,00,00,00,00,00,00,20,00,00,00,10,00,00,00,00,00,00-00,00,00,00,00,00,00,30,00,00,00,30,00,00,00,00,00,00,00,00,00,10,00,00,00-20,00,00,00,00,00,00,00,00,00,00,00,00,00,30,00,00,00,00,00,00,00,00,00,00-00,10,00,00,00,00,00,20,00,00,00,00,10,00,00,00,00,00,00,00,00,00,00,00,00-10,00,00,20,00,00,00,00,00,00,00,00,00,00,00,00,00,00,00,00,00,00,00,00,00-00,00,00,00,00,00,00,00,00,00,00,00,00,10,00,00,00,00,20,00,00,00,00,00,00-30,00,00,00,00,00,10,00,00,00,00,00,00,00,00,00,00,00,00,00,00,00,00,00,00-00,00,00,20,30,00,10,00,00,00,30,00,30,00,10,00,00,00,00,00,00,10,00,00,10-00,00,00,00,00,00,00,00,00,00,00,00,00,00,00,00,20,20,00,00,00,00,00,00,00-00,00,00,30,00,00,00,20,00,20,00,00,00,00,00,00,00,00,00,00,00,00,00,00,00-00,00,00,00,10,00,00,00,00,00,00,00,00,00,00,00,00,00,00,00,00,00,00,00,00-00,00,00,00,00,00,00,00,00,00,00,00,00,00,10,00,00,00,00,00,00,00,00,00,00-00,00,00,00,00,00,00,00,00,00,00,00,30,00,00,00,00,00,00,00,00,00,00,00,00-00,00,00,30,00,00,00,00,00,00,00,00,00,00,00,00,00,00,00,00,00,00,10,00,00-00,00,00,00,00,00,30,00,00,00,00,00,00,30,00,00,00,00,00,00,10,20,00,00,00-00,00,00,00,00,00,00,00,00,00,00,00,00,00,00,00,20,00,00,00,00,00,00,00,00-00,00,00,00,00,20,00,00,00,00,00,00,00,00,00,00,00,00,00,00,00,00,00,00,00-00,00,00,00,00,00,00,00,00,00,00,00,10,00,00,00,00,00,00,00,00,00,30,00,00-00,00,20,00,00,00,00,00,00,00,00,00,00,00,00,00,00,00,00,00,00,00,00,20,00-00,00,00,00,00,00,00,00,00,00,00,00,00,00,00,00,00,00,00,00,00,00,00,00,00-00,00,00,00,00,00,00,00,00,00,00,00,00,00,00,00,00,00,00,00,00,00,00,00,00
40,50,40,50,41,51,40,50,41,51,40,50,40,50,40,50,41,51,41,51,41,51,40,50,41-41,51,41,51,40,50,41,51,40,50,41,51,41,51,41,51,40,50,40,50,40,50,41,51,40-42,52,42,52,41,51,40,50,41,51,40,50,40,50,40,50,41,51,41,51,41,51,40,50,41-0,0,0,0,42,52,41,51,40,50,41,51,41,51,41,51,40,50,40,50,40,50,41,51,40-0,0,0,0,0,0,42,52,41,51,40,50,40,50,40,50,41,51,41,51,41,51,40,50,41-0,0,0,0,0,0,0,0,40,50,41,51,41,51,41,51,40,50,40,50,40,50,41,51,40-0,0,0,0,0,0,0,0,41,51,40,50,40,50,40,50,41,51,41,51,41,51,40,50,41-0,0,0,0,0,0,60,70,40,50,41,51,41,51,41,51,42,52,42,52,42,52,41,51,42-60,70,0,0,60,70,61,71,41,51,40,50,42,52,42,52,0,0,0,0,0,0,42,52,0-61,71,0,0,61,71,40,50,40,50,41,51,0,0,0,0,0,0,0,0,0,0,0,0,0-40,50,0,0,40,50,41,51,41,51,40,50,0,0,0,0,0,0,0,0,0,0,0,0,0-41,51,0,0,41,51,40,50,40,50,41,51,0,0,0,0,0,0,0,0,0,0,0,0,0-40,50,0,0,40,50,41,51,41,51,42,52,0,0,0,0,0,0,0,0,0,0,0,0,0-41,51,0,0,41,51,40,50,40,50,0,0,0,0,0,0,0,0,0,0,0,0,0,0,0-40,50,0,0,40,50,41,51,41,51,0,0,0,0,0,0,0,0,0,0,0,0,0,0,0-41,51,0,0,41,51,40,50,42,52,0,0,0,0,0,0,0,0,0,0,0,0,0,0,0-42,52,0,0,40,50,41,51,60,70,0,0,0,0,0,0,0,0,0,0,0,0,0,0,0-0,0,0,0,41,51,40,50,61,71,0,0,0,0,0,0,0,0,0,0,0,0,0,0,0-0,0,0,0,40,50,41,51,40,50,0,0,0,0,0,0,0,0,0,0,0,0,0,0,0-0,0,0,0,41,51,40,50,41,51,0,0,0,0,0,0,0,0,0,0,0,0,0,0,0-0,0,60,70,40,50,41,51,0,0,0,0,0,0,0,0,0,0,0,0,0,0,0,0,0-0,0,41,51,41,51,40,50,0,0,0,0,0,0,0,0,0,0,0,0,0,0,0,0,0-60,70,40,50,40,50,41,51,0,0,0,0,0,0,0,0,0,0,0,0,0,0,0,0,0-61,71,41,51,41,51,40,50,0,0,0,0,0,0,0,0,0,0,0,0,0,0,0,0,0-40,50,40,50,40,50,41,51,0,0,0,0,0,0,0,0,0,0,0,0,0,0,0,0,0
false
6
3

</mapData>








