<mapData>
6x6
00,00,00,00,00,30,00,00,00,00,00,00,00,00,00,00,00,00,00,00,00,00,00,00,00-00,00,00,00,00,00,00,00,00,00,00,00,00,00,00,00,00,00,00,00,00,00,00,00,00-00,00,00,00,00,30,00,00,00,00,00,00,00,00,00,00,00,00,00,00,00,20,00,00,00-00,30,00,00,00,00,00,00,00,00,00,00,00,00,00,30,00,00,00,00,00,00,00,10,00-00,00,00,00,00,00,00,00,00,00,10,30,00,00,00,00,00,00,00,00,10,00,00,00,00-00,00,00,00,00,20,10,00,00,30,00,00,00,00,00,20,00,20,00,00,00,00,00,00,00-00,00,00,00,00,00,00,00,00,00,00,00,00,00,00,00,00,00,10,00,00,00,00,00,00-00,00,00,00,00,00,00,00,00,00,00,00,00,00,00,00,00,00,00,00,00,00,00,00,00-00,00,00,00,00,00,00,00,20,00,00,00,30,00,00,00,00,00,00,00,10,00,00,00,00-00,00,00,00,00,00,00,00,00,00,00,00,00,00,00,00,00,00,20,00,10,00,00,00,00-10,00,00,00,00,00,00,00,00,00,00,00,00,00,00,00,00,00,00,00,00,00,00,00,30-00,00,00,00,00,00,00,00,00,00,00,00,10,00,00,00,00,10,00,00,10,00,00,00,00-00,00,00,00,00,00,00,00,00,00,00,00,00,00,00,00,00,00,00,00,00,00,00,00,00-10,10,00,00,20,00,10,00,00,20,10,00,00,00,00,00,00,00,00,00,00,00,00,00,00-00,00,00,00,00,00,00,00,00,20,30,00,00,00,00,00,00,00,00,00,00,00,00,00,00-00,00,00,00,00,30,00,00,00,00,20,00,00,00,30,00,00,00,00,00,00,00,30,00,00-00,00,00,00,00,00,00,00,00,00,00,00,00,00,00,00,00,00,00,00,10,00,00,00,00-00,00,00,00,00,20,00,00,00,00,00,00,00,20,00,00,00,00,30,00,00,00,00,00,30-00,00,00,00,00,00,00,00,00,00,00,00,20,10,00,00,00,10,00,00,00,10,00,00,30-00,00,00,00,00,00,00,10,00,00,00,00,00,00,00,00,00,00,00,00,00,00,00,00,00-10,00,00,00,00,00,00,00,00,00,00,00,00,00,00,00,00,00,00,00,00,10,00,00,20-00,30,00,00,10,00,00,00,00,00,00,30,00,00,00,00,00,00,00,00,10,00,00,00,00-00,00,00,00,00,00,20,00,00,00,00,00,00,30,00,00,00,00,00,00,00,00,00,00,00-00,00,00,00,20,00,00,30,00,00,00,00,00,00,00,00,00,30,00,00,00,00,00,00,00-00,00,20,00,00,00,00,00,00,00,00,00,00,00,00,00,00,00,00,00,00,00,00,00,00
71,62,72,61,71,61,71,62,72,62,72,62,72,61,71,61,71,61,71,61,71,61,71,61,71-72,61,71,62,72,62,72,61,71,61,71,61,71,62,72,62,72,62,72,62,72,62,72,42,52-71,62,72,61,71,61,71,62,72,62,72,62,72,61,71,61,71,61,71,61,71,61,71,0,0-72,61,71,62,72,62,72,61,71,61,71,61,71,42,52,62,72,62,72,62,72,42,52,0,0-71,62,72,61,71,61,71,42,52,42,52,42,52,0,0,61,71,61,71,61,71,0,0,0,0-72,61,71,62,72,42,52,0,0,0,0,0,0,0,0,42,52,42,52,42,52,0,0,0,0-71,62,72,61,71,0,0,0,0,0,0,0,0,0,0,0,0,0,0,0,0,0,0,0,0-72,61,71,62,72,0,0,0,0,0,0,0,0,0,0,0,0,0,0,0,0,0,0,0,0-71,62,72,61,71,0,0,0,0,0,0,0,0,0,0,0,0,0,0,0,0,0,0,0,0-72,61,71,62,72,0,0,0,0,0,0,0,0,0,0,0,0,0,0,0,0,0,0,0,0-71,62,72,61,71,0,0,0,0,0,0,0,0,0,0,0,0,0,0,0,0,0,0,0,0-72,61,71,62,72,0,0,0,0,0,0,0,0,0,0,0,0,0,0,0,0,0,0,0,0-71,62,72,61,71,0,0,0,0,0,0,0,0,0,0,0,0,0,0,0,0,0,0,0,0-72,61,71,42,52,0,0,0,0,0,0,0,0,0,0,0,0,0,0,0,0,0,0,0,0-71,62,72,0,0,0,0,0,0,0,0,0,0,0,0,0,0,0,0,0,0,0,0,0,0-72,61,71,0,0,0,0,0,0,0,0,0,0,0,0,0,0,0,0,0,0,0,0,0,0-71,62,72,0,0,0,0,0,0,0,0,0,0,0,0,0,0,0,0,0,0,0,0,0,0-72,61,71,0,0,0,0,0,0,0,0,0,0,0,0,0,0,0,0,0,0,0,0,0,0-71,62,72,0,0,0,0,0,0,0,0,0,0,0,0,0,0,0,0,0,0,0,0,0,0-72,61,71,0,0,0,0,0,0,0,0,0,0,0,0,0,0,0,0,0,0,0,0,0,0-71,62,72,0,0,0,0,0,0,0,0,0,0,0,0,0,0,0,0,0,0,0,0,0,0-72,61,71,0,0,0,0,0,0,0,0,0,0,0,0,0,0,0,0,0,0,0,0,0,0-71,62,72,0,0,0,0,0,0,0,0,0,0,0,0,0,0,0,0,0,0,0,0,0,0-72,61,71,0,0,0,0,0,0,0,0,0,0,0,0,0,0,0,0,0,0,0,0,0,0-71,62,72,0,0,0,0,0,0,0,0,0,0,0,0,0,0,0,0,0,0,0,0,0,0
false
6
6
kevin
</mapData>

















