<mapData>
7x-1
00,00,00,00,00,00,00,00,00,00,00,10,00,00,20,00,00,20,00,00,00,00,00,00,00-00,00,00,00,00,00,00,00,00,00,30,00,00,00,00,00,00,00,00,00,00,00,00,10,00-00,20,00,00,00,00,20,00,00,00,00,00,00,00,00,00,20,00,00,00,00,10,00,00,00-00,00,00,00,00,00,00,00,30,00,00,00,00,00,00,00,00,00,00,00,00,00,00,00,00-00,00,00,00,00,00,10,00,00,00,00,00,00,10,00,30,00,30,00,00,00,00,00,10,00-00,00,00,00,00,00,20,00,00,00,00,00,00,00,00,00,00,00,00,20,00,00,00,00,00-00,00,00,00,00,00,00,00,00,00,00,00,00,00,00,00,00,00,00,00,00,00,00,00,00-00,00,00,00,00,00,00,00,00,00,00,00,00,00,00,00,20,00,20,00,00,20,00,00,00-00,00,00,00,00,00,00,00,00,00,00,00,00,00,00,00,00,00,00,00,00,00,00,00,00-00,00,00,00,00,00,00,00,00,00,00,00,10,00,00,00,00,00,00,00,00,00,00,00,00-00,00,00,00,20,00,00,00,00,00,00,00,00,00,00,20,00,00,20,00,00,00,00,00,00-00,00,00,00,30,00,00,00,10,00,00,00,00,00,00,00,00,00,00,00,00,00,00,00,00-00,00,00,00,00,00,00,00,00,00,00,00,00,00,00,00,00,00,00,00,00,00,00,10,00-00,00,00,00,00,00,00,00,00,00,00,20,00,00,00,00,00,10,00,00,00,00,00,00,00-00,00,00,00,00,00,00,00,00,00,00,00,00,00,00,00,00,00,00,00,00,00,00,30,10-00,00,00,00,00,00,00,00,00,00,00,00,00,00,00,00,10,00,00,00,00,00,00,00,00-00,00,00,10,00,00,00,00,00,00,00,10,00,00,00,00,00,00,00,00,00,00,00,00,00-00,00,00,00,00,00,00,00,00,00,00,00,00,00,00,00,00,00,00,00,00,00,10,00,30-00,00,00,00,00,00,00,00,00,00,00,00,00,00,00,00,00,00,00,00,00,00,00,00,00-00,00,00,00,00,00,00,00,00,00,00,00,30,00,00,00,00,00,00,00,00,00,30,00,00-00,00,00,00,00,00,00,20,30,00,00,00,00,00,00,00,00,00,00,00,00,00,00,00,00-00,00,00,00,00,10,00,00,00,00,10,00,00,00,00,00,00,00,20,00,00,00,00,00,00-00,00,00,20,10,00,00,00,00,00,00,30,00,00,00,00,00,00,00,30,00,00,00,00,30-00,00,00,00,00,00,00,00,00,00,00,00,00,00,00,00,00,00,00,00,30,00,00,10,00-00,00,00,00,00,00,00,00,00,00,00,00,00,10,00,00,00,00,00,00,00,00,00,00,00
0,0,0,0,0,0,0,0,0,0,0,0,0,0,0,0,0,0,0,0,0,0,0,0,0-0,0,0,0,0,0,0,0,0,0,0,0,0,0,0,0,0,0,0,0,0,0,0,0,0-0,0,0,0,0,0,0,0,0,0,0,0,0,0,0,0,0,0,0,0,0,0,0,0,0-0,0,0,0,0,0,0,0,0,0,0,0,0,0,0,0,0,0,0,0,0,0,0,0,0-0,0,0,0,0,0,0,0,0,0,0,0,0,0,0,0,0,0,0,0,0,0,0,0,0-0,0,0,0,0,0,0,0,0,0,0,0,0,0,0,0,0,0,0,0,0,0,0,0,0-0,0,0,0,0,0,0,0,0,0,0,0,0,0,0,0,0,0,0,0,0,0,0,0,0-0,0,0,0,0,0,0,0,3332,4332,4332,4332,4332,4332,4332,4332,4332,5332,0,0,0,0,0,0,0-0,0,0,0,0,0,0,0,3333,0,0,0,0,0,0,0,0,5333,0,0,0,0,0,0,0-0,0,0,0,0,0,0,0,3333,0,0,0,0,0,0,0,0,5333,0,0,0,0,0,0,0-0,0,0,0,0,0,0,0,3333,0,0,0,0,0,0,0,0,5333,0,0,0,0,0,0,0-0,0,0,0,0,0,0,0,3333,0,0,0,0,0,0,0,0,5333,0,0,0,0,0,0,0-0,0,0,0,0,0,0,0,3333,0,0,0,0,0,0,0,0,5333,0,0,0,0,0,0,0-0,0,0,0,0,0,0,0,3333,0,0,0,0,0,0,0,0,1332,4332,4332,4332,4332,4332,4332,4332-0,0,0,0,0,0,0,0,3333,0,0,0,0,0,0,0,0,0,0,0,0,0,0,0,0-0,0,0,0,0,0,0,0,3334,4334,4334,4334,6334,0,0,0,0,0,0,0,0,0,0,0,0-0,0,0,0,0,0,0,0,0,0,0,0,3333,0,0,0,0,0,0,0,0,0,0,0,0-0,0,0,0,0,0,0,0,0,0,0,0,3333,0,0,0,0,0,0,0,0,0,0,0,0-0,0,0,0,0,0,0,0,0,0,0,0,3333,0,0,0,0,0,0,0,0,0,0,0,0-0,0,0,0,0,0,0,0,0,0,0,0,3333,0,0,0,0,0,0,0,0,0,0,0,0-0,0,0,0,0,0,0,0,0,0,0,0,3333,0,0,0,0,0,0,0,0,0,0,0,0-0,0,0,0,0,0,0,0,3332,4332,4332,4332,1332,0,0,0,0,0,0,0,0,0,0,0,0-0,0,0,0,0,0,0,0,3333,0,0,0,0,0,0,0,0,0,0,0,0,0,0,0,0-0,0,0,0,0,0,0,0,3333,0,0,0,0,0,0,0,0,0,0,0,0,0,0,0,0-0,0,0,0,0,0,0,0,3333,0,0,0,0,0,0,0,0,0,0,0,0,0,0,0,0
false
7
-1
kevin
</mapData>








