<mapData>
7x1
00,00,00,00,00,00,00,00,00,00,00,00,00,00,00,00,00,00,00,00,00,00,00,00,00-00,10,00,00,00,00,00,00,00,00,00,00,20,20,00,00,00,00,00,00,00,00,00,00,00-20,00,00,00,00,00,00,00,00,00,00,20,00,00,00,00,00,00,08,18,18,18,18,28,00-20,00,20,00,00,10,00,30,00,00,00,00,30,00,00,00,10,00,09,19,19,19,19,29,00-00,00,00,00,10,00,10,00,00,00,00,00,00,00,00,00,20,00,09,19,19,19,19,29,00-00,00,00,00,00,00,00,00,00,00,00,00,00,00,00,00,00,00,09,19,19,19,19,29,00-00,00,00,00,00,00,00,00,00,00,00,00,00,00,00,00,00,00,09,19,19,19,19,29,00-00,00,00,00,00,00,00,00,00,00,00,00,00,00,20,00,00,00,09,19,19,19,19,29,00-00,00,00,00,00,00,00,00,00,00,00,00,00,00,00,00,00,00,010,39,19,19,49,210,00-00,00,00,00,00,00,00,00,00,00,00,00,00,20,00,10,10,00,00,010,110,110,210,00,00-30,00,00,00,00,00,00,00,00,00,00,00,00,00,00,00,00,00,00,10,00,00,00,00,00-00,00,00,00,00,00,00,00,00,00,00,00,00,00,00,00,00,00,00,00,30,00,10,00,00-00,20,00,00,00,00,00,00,00,00,10,00,10,00,00,00,00,00,00,00,00,00,00,00,00-00,00,00,00,00,00,00,00,00,00,00,00,00,00,00,00,00,00,00,00,00,00,00,00,00-00,00,20,00,00,00,00,00,00,00,00,20,00,00,00,00,00,00,00,00,00,10,00,00,00-10,00,00,00,00,00,00,10,00,00,00,00,20,00,00,00,00,00,00,00,00,00,00,00,00-00,00,00,00,00,00,20,10,20,00,00,00,00,00,00,00,00,00,00,00,00,00,00,00,00-00,10,20,00,00,00,00,00,00,30,00,00,00,00,00,00,00,20,00,00,00,00,00,00,00-00,00,00,00,00,00,00,00,00,00,00,00,10,00,00,00,00,00,00,00,00,00,00,00,00-00,00,00,00,00,00,00,00,20,20,00,00,30,00,00,00,00,00,00,00,00,00,00,00,00-00,00,00,00,00,00,00,00,00,00,00,00,00,00,00,20,00,00,00,00,00,00,00,10,00-20,20,20,00,00,00,00,00,00,00,00,00,00,00,00,00,00,00,00,00,00,30,10,00,00-00,00,20,20,00,00,00,00,00,00,00,00,00,00,00,00,00,00,00,00,00,20,00,00,00-00,00,00,00,30,30,00,00,00,00,00,00,20,20,00,00,00,20,00,00,20,00,00,00,00-00,10,00,00,00,30,00,00,10,00,00,00,30,00,00,00,00,00,00,00,00,00,00,00,00
0,0,0,0,0,0,0,0,0230,0,0,0,0,0,0,0,0,3333,0,0,0,0,0,0,0-0,0,0,0,0,0,0,0,0230,0,0,0,0,0,0,0,0,3333,0,0,0,0,0,0,0-0,0,0,0,0,0,0,0,0230,0,0,0,0,0,0,0,0,3333,074,174,274,374,474,0,0-0,0,0,0,0,0,3332,1229,4333,0,0,0,0,0,0,0,0,3333,075,175,275,375,475,0,0-0,0,0,0,0,0,0230,0,0,0,0,0,0,0,0,0,0,3333,076,176,276,376,476,0,0-0,0,0,0,0,3332,4333,0,0,0,0,0,0,0,0,0,0,3333,077,177,277,377,477,0,0-0,0,0,0,0,0230,0,0,0,0,0,0,0,0,0,0,0,3333,0,0,0,0,0,0,0-0,0,0,0,0,0230,0,0,0,0,0,0,0,0,0,0,0,3333,0,0,0,0,0,0,0-0,0,0,0,0,0230,0,0,0,0,0,0,0,0,0,0,0,3333,0,0,0,0,0,0,0-0,0,0,0,0,0230,0,0,0,0,0,0,0,0,0,0,0,3333,0,0,0,0,0,0,0-0,0,0,0,0,0230,0,0,0,0,0,0,0,0,0,0,0,3333,0,0,0,0,0,0,0-0,0,0,0,0,0230,0,0,0,0,0,0,0,0,0,0,0,3333,0,0,0,0,0,0,0-0,0,0,0,0,0230,0,0,0,0,0,0,0,0,0,0,0,3334,6334,0,0,0,0,0,0-0,0,0,0,0,0230,0,0,0,0,0,0,0,0,0,0,0,0,3333,0,0,0,0,0,0-0,0,0,0,0,0230,0,0,0,0,0,0,0,0,0,0,0,0,3333,0,0,0,0,0,0-0,0,0,0,0,0230,0,0,0,0,0,0,0,0,0,0,0,0,3333,0,0,0,0,0,0-0,0,0,0,0,0230,0,0,0,0,0,0,0,0,0,0,0,0,3333,0,0,0,0,0,0-0,0,0,0,0,0230,0,0,0,0,0,0,0,0,0,0,0,0,3333,0,0,0,0,0,0-0,0,0,0,0,0230,0,0,0,0,0,0,0,0,0,0,0,0,3334,4334,4334,6334,0,0,0-0,0,0,0,0,0230,0,0,0,0,0,0,0,0,0,0,0,0,0,0,0,3334,4334,4334,4334-0,0,0,0,0,0230,0,0,0,0,0,0,0,0,0,0,0,0,0,0,0,0,0,0,0-0,0,0,0,0,0230,0,0,0,0,0,0,0,0,0,0,0,0,0,0,0,0,0,0,0-0,0,0,0,0,0230,0,0,0,0,0,0,0,0,0,0,0,0,0,0,0,0,0,0,320-0,0,0,0,0,0230,0,0,0,0,0,0,0,0,0,0,0,0,0,0,320,320,320,320,321-0,0,0,0,0,0230,0,0,0,0,0,0,0,0,0,0,0,0,0,0,321,321,321,321,322
false
7
1
kevin
</mapData>















