<mapData>
7x2
00,00,30,00,00,00,00,30,00,00,00,00,10,00,00,00,00,00,00,00,00,00,20,00,00-00,00,00,00,00,00,00,00,00,00,00,00,00,00,00,00,00,00,00,20,00,00,00,00,00-00,00,00,00,00,00,00,00,00,00,00,00,00,00,00,00,30,00,00,00,10,00,00,00,00-00,00,10,00,00,20,00,20,00,00,00,00,00,00,00,00,00,30,00,00,00,00,00,00,20-00,00,00,20,00,00,00,00,00,00,00,00,00,00,00,00,00,00,00,10,00,10,00,20,00-00,00,00,00,00,00,00,00,00,00,00,00,00,00,00,00,00,00,00,00,00,00,00,00,00-10,00,00,00,00,00,00,00,00,00,00,00,00,01,00,00,00,00,00,00,00,00,00,00,00-00,00,00,00,00,00,00,20,00,00,00,00,00,00,01,01,00,00,00,00,00,00,00,00,00-00,00,10,00,00,00,00,00,00,00,00,00,00,01,00,01,01,20,00,00,00,00,00,00,00-00,00,00,30,00,10,00,00,00,00,00,00,00,00,01,01,01,01,01,00,00,00,30,00,00-00,00,00,00,00,00,00,00,10,20,00,00,00,01,01,01,01,01,00,00,00,00,20,00,00-00,00,10,00,00,00,00,00,00,00,00,10,00,00,01,01,00,10,00,00,10,00,00,00,00-00,00,20,00,00,00,20,00,00,00,00,00,00,00,20,00,00,00,00,00,00,00,00,00,00-00,00,00,00,00,00,00,00,00,00,00,00,00,00,00,00,00,10,00,00,00,00,00,00,30-20,00,00,10,00,00,00,00,00,10,00,00,00,00,00,30,00,00,00,10,00,00,00,00,00-00,00,00,00,00,00,00,00,00,00,00,00,00,00,00,00,00,00,00,30,10,20,00,00,00-00,00,00,00,00,00,00,00,00,00,00,00,20,00,00,00,00,00,00,00,00,00,00,00,00-00,00,00,00,20,00,10,00,00,00,10,00,10,00,00,00,00,00,00,00,00,00,00,20,00-00,00,00,00,00,00,00,00,00,00,00,00,30,00,30,00,00,00,00,00,00,00,00,00,00-00,00,00,00,00,00,00,00,00,00,00,00,00,00,00,10,00,00,00,00,00,00,00,00,00-00,00,00,00,00,20,00,00,00,00,00,00,00,00,00,30,00,00,10,00,00,20,00,00,00-00,00,00,00,00,00,10,00,00,00,00,00,00,00,00,00,00,00,00,00,00,00,00,00,00-00,00,00,00,00,00,00,00,00,00,00,00,00,20,00,00,00,20,00,30,00,00,00,00,00-00,30,00,00,00,00,00,00,00,00,00,00,00,00,00,00,00,00,00,00,00,00,00,00,00-00,00,00,00,10,00,00,00,00,00,00,00,00,00,00,00,00,00,00,00,00,00,00,00,00
0,0,0,0,0,0230,0,0,0,0,0,0,0,0,0,0,0,0,0,0,322,322,322,322,322-0,0,0,0,0,0230,0,320,320,0,0,0,0,0,0,0,0,0,320,320,322,322,322,322,322-0,0,0,0,0,0230,320,322,322,0,0,0,0,0,0,0,0,320,321,321,322,322,322,322,322-0,0,0,0,0,0230,322,322,322,320,0,0,0,0,0,0,0,321,322,322,322,322,322,322,322-0,0,0,0,0,0230,422,322,322,322,0,0,0,0,0,0,0,322,322,322,322,322,322,322,322-0,0,0,0,0,0231,3231,322,322,322,320,0,0,0,0,0,0,322,322,322,322,322,322,322,322-0,0,0,0,0,0,0230,322,322,322,322,0,0,0,0,0,0,422,322,322,322,322,322,322,322-0,0,0,0,0,0,0230,422,322,322,322,320,320,0,0,0,0,0,422,322,322,322,322,322,322-0,0,0,0,0,0,0231,3231,322,322,322,322,321,0,0,0,0,0,0,422,322,322,322,322,322-0,0,0,0,0,0,0,0230,422,422,322,322,422,0,0,0,0,0,0,0,422,422,422,422,422-0,0,0,0,0,0,0,0231,1231,3231,422,422,0,0,0,0,0,0,0,0,3230,1231,1231,1231,1231-0,0,0,0,0,0,0,0,0,0230,0,0,0,0,0,0,0,0,0,0,2230,0,0,0,0-0,0,0,0,0,0,0,0,0,0231,3231,0,0,0,0,0,0,0,3230,1231,2231,0,0,0,0-0,0,0,0,0,0,0,0,0,0,0230,0,0,0,0,0,0,0,2230,0,0,0,0,0,0-0,0,0,0,0,0,0,0,0,0,0231,1231,1231,1231,1231,1231,1231,1231,2231,0,0,0,0,0,0-0,0,0,0,0,0,0,0,0,0,0,0,0,0,0,0,0,0,0,0,0,0,0,0,0-0,0,0,0,0,0,0,0,0,0,0,0,0,0,0,0,0,0,0,60,70,0,0,0,0-0,0,0,0,0,0,0,0,0,0,0,0,0,0,0,0,0,0,0,61,71,0,0,0,0-0,0,0,0,0,0,0,0,0,0,0,60,70,0,0,0,0,0,0,62,72,60,70,0,0-0,0,0,0,0,0,0,0,0,60,70,61,71,60,70,0,0,60,70,61,71,61,71,0,0-70,60,70,60,70,0,0,60,70,61,71,62,72,61,71,60,70,61,71,62,72,62,72,60,70-71,61,71,61,71,60,70,61,71,62,72,61,71,62,72,61,71,62,72,61,71,61,71,61,71-72,62,72,62,72,61,71,62,72,61,71,62,72,61,71,62,72,61,71,62,72,62,72,62,72-71,61,71,61,71,62,72,61,71,62,72,61,71,62,72,61,71,62,72,61,71,61,71,61,71-72,62,72,62,72,61,71,62,72,61,71,62,72,61,71,62,72,61,71,62,72,62,72,62,72
false
7
2
kevin
</mapData>

















