<mapData>
7x3
00,00,30,00,00,00,00,00,00,00,00,00,00,00,20,00,00,00,00,00,00,00,00,00,00-00,00,00,00,00,00,00,00,30,30,00,30,00,00,00,00,00,00,00,00,00,20,30,00,00-10,00,30,00,00,00,00,00,00,00,00,00,00,00,00,00,00,00,00,00,00,20,00,00,10-00,00,00,00,00,00,00,00,00,00,00,00,00,00,00,00,00,00,00,00,00,00,00,00,00-00,00,00,00,00,00,00,00,00,00,00,00,00,00,30,00,00,00,00,00,00,00,00,00,00-00,00,00,00,00,10,00,00,00,00,10,20,00,00,00,00,00,00,00,00,20,00,00,00,00-00,00,00,00,10,00,00,00,00,00,00,00,00,00,00,00,00,00,00,00,00,00,00,00,00-00,00,00,00,00,00,00,00,00,00,20,00,00,00,00,00,00,00,00,00,00,00,00,00,00-00,20,00,00,00,00,00,00,00,00,00,00,00,00,00,00,00,00,30,10,00,00,00,00,00-10,00,00,00,00,00,00,00,00,00,00,00,20,00,00,00,00,00,00,00,00,00,00,00,00-00,00,00,00,00,00,00,00,00,00,00,00,10,00,20,00,00,00,00,20,00,30,00,00,10-10,00,00,20,00,00,30,00,00,00,30,00,00,00,00,00,00,00,00,00,00,10,00,00,00-00,00,30,00,00,00,00,00,00,00,00,00,00,00,20,00,00,00,00,00,00,00,00,00,00-00,00,10,00,00,00,00,00,00,00,20,00,00,20,00,00,00,00,00,00,00,00,00,30,00-00,00,00,30,10,00,00,00,00,00,00,30,00,00,00,00,00,20,00,00,00,00,00,00,00-00,00,00,00,00,00,00,00,00,00,00,20,00,00,00,00,00,00,00,20,00,00,00,00,00-20,00,00,00,00,00,00,00,00,00,00,00,00,00,00,00,00,10,00,30,00,20,00,00,00-00,00,00,30,00,00,30,00,00,00,00,00,20,00,10,00,20,00,00,00,00,00,00,00,00-00,00,00,00,00,00,00,00,00,00,00,00,00,00,00,30,00,00,00,00,00,00,00,00,20-00,00,00,00,00,00,00,00,00,00,00,00,00,10,00,00,00,00,00,00,00,00,30,00,00-00,00,00,00,00,00,20,00,00,00,00,00,00,00,00,00,00,00,00,00,30,00,00,00,00-00,00,00,00,00,00,00,00,00,00,00,00,00,00,00,00,00,00,00,00,00,00,00,00,00-00,00,00,00,00,00,00,00,00,00,30,00,00,00,00,00,00,00,00,00,00,10,00,00,00-00,00,00,00,10,20,00,00,30,00,20,00,00,00,00,00,00,20,00,10,00,00,00,00,00-00,00,00,00,00,00,00,00,00,10,00,10,00,00,00,00,00,00,00,00,00,00,00,00,20
71,61,71,61,71,62,72,61,71,62,72,61,71,62,72,61,71,62,72,61,71,61,71,61,71-72,62,72,62,72,61,71,62,72,61,71,62,72,61,71,62,72,61,71,62,72,62,72,62,72-71,61,71,61,71,62,72,61,71,62,72,61,71,62,72,61,71,62,72,61,71,61,71,61,71-72,62,72,62,72,61,71,62,72,61,71,62,72,61,71,62,72,61,71,62,72,62,72,62,72-71,61,71,61,71,62,72,61,71,62,72,61,71,62,72,61,71,62,72,61,71,61,71,61,71-72,62,72,62,72,61,71,62,72,61,71,62,72,61,71,62,72,61,71,62,72,62,72,62,72-71,61,71,61,71,62,72,61,71,62,72,61,71,62,72,61,71,62,72,61,71,61,71,61,71-72,62,72,62,72,61,71,62,72,61,71,62,72,61,71,62,72,61,71,62,72,62,72,62,72-71,61,71,61,71,62,72,61,71,62,72,61,71,62,72,61,71,62,72,61,71,61,71,61,71-72,62,72,62,72,61,71,62,72,61,71,62,72,61,71,62,72,61,71,62,72,62,72,62,72-71,61,71,61,71,62,72,61,71,62,72,61,71,62,72,61,71,62,72,61,71,61,71,61,71-72,62,72,62,72,61,71,62,72,61,71,62,72,61,71,62,72,61,71,62,72,62,72,62,72-71,61,71,61,71,62,72,61,71,62,72,61,71,62,72,61,71,62,72,61,71,61,71,61,71-72,62,72,62,72,61,71,62,72,61,71,62,72,61,71,62,72,61,71,62,72,62,72,42,52-71,61,71,61,71,42,52,61,71,42,52,61,71,42,52,61,71,42,52,61,71,61,71,0,60-72,42,52,42,52,0,0,42,52,0,0,42,52,0,0,42,52,0,0,42,52,42,52,0,61-71,0,0,0,0,0,0,0,0,0,0,0,0,0,0,0,0,0,0,0,0,0,60,70,62-72,0,0,0,0,0,0,0,0,0,0,0,0,0,0,0,0,0,0,0,0,0,41,51,61-71,0,0,0,0,0,0,0,0,0,0,0,0,0,0,0,0,0,0,0,0,0,42,52,62-72,0,0,0,0,0,0,0,0,0,0,0,0,0,0,0,0,0,0,0,0,0,0,0,61-71,0,0,0,0,0,0,0,0,0,0,0,0,0,0,0,0,0,0,0,0,0,0,0,62-52,0,0,0,0,0,0,0,0,0,0,0,0,0,0,0,0,0,0,0,0,0,0,0,61-0,0,0,0,0,0,0,0,0,0,0,0,0,0,0,0,0,0,0,0,0,0,0,0,62-0,0,0,0,0,0,0,0,0,0,0,0,0,0,0,0,0,0,0,0,0,0,0,0,61-0,0,0,0,0,0,0,0,0,0,0,0,0,0,0,0,0,0,0,0,0,0,0,0,62
false
7
3
kevin
</mapData>












