<mapData>
7x4
00,00,00,00,00,10,00,00,00,00,00,00,00,00,00,00,10,30,00,00,00,00,10,00,00-00,00,00,00,00,00,00,00,00,00,00,00,00,00,00,30,00,00,00,10,00,20,00,00,00-00,00,20,00,00,00,00,00,00,10,00,00,00,00,00,00,00,00,00,00,00,00,20,00,00-00,20,00,00,00,00,00,00,10,00,00,00,00,00,00,00,00,00,00,00,00,00,00,00,00-00,00,00,00,00,00,01,01,01,01,00,00,01,01,20,00,00,00,00,00,00,00,00,00,00-00,00,00,00,00,00,01,01,01,01,01,00,00,00,00,01,00,00,10,00,00,00,00,00,00-00,00,00,00,30,00,00,00,01,00,01,01,00,00,01,00,01,00,00,00,00,00,00,00,00-30,00,00,00,00,00,00,01,00,00,00,01,00,00,01,01,01,00,00,00,00,00,00,00,00-00,00,00,10,00,00,00,00,01,00,00,01,10,01,01,01,01,30,00,00,00,00,00,00,00-00,00,00,00,00,00,00,01,01,20,00,01,01,01,30,00,01,00,00,00,00,00,00,00,00-00,00,30,00,00,00,00,01,01,01,01,01,30,00,00,00,01,01,00,00,00,00,00,00,00-00,00,00,00,00,00,00,01,01,00,01,01,30,00,00,00,01,01,00,00,00,00,00,00,00-00,00,30,00,00,00,00,00,00,00,01,01,00,00,01,01,01,00,00,00,00,00,10,00,00-00,00,00,00,00,00,00,10,00,01,00,00,01,01,01,00,01,00,20,00,00,20,00,10,00-00,00,00,00,00,00,00,00,00,00,00,01,00,00,01,00,00,00,30,00,00,00,00,00,00-00,00,00,00,00,00,00,00,00,00,00,00,00,00,00,00,00,00,00,00,00,00,00,00,00-00,00,10,00,00,00,00,00,00,00,10,00,00,10,00,00,00,00,00,00,00,00,30,00,00-00,00,00,00,00,00,00,00,10,00,00,00,00,00,00,00,00,00,00,00,00,00,00,10,00-00,00,00,00,00,00,00,00,00,00,00,00,00,00,00,00,00,00,00,00,00,00,00,00,00-00,00,00,00,00,00,00,00,00,00,00,10,00,00,00,00,00,00,00,00,00,00,00,00,00-00,00,20,00,00,00,00,00,00,00,00,00,00,00,00,20,30,00,00,00,00,00,00,00,00-00,00,00,10,10,00,00,00,00,00,00,30,00,00,00,00,00,00,00,00,00,00,00,00,00-00,00,00,00,20,00,00,00,00,00,00,00,20,00,00,00,00,00,00,00,00,00,00,00,00-00,00,00,00,00,00,00,00,00,00,00,00,00,00,00,20,00,00,00,00,00,00,00,00,00-00,20,00,00,00,00,00,00,00,00,00,00,00,00,00,20,00,00,00,10,00,00,00,00,00
0,0,0,0,0,0,0,0,0,0,0,0,0,0,0,0,0,0,0,0,0,0,0,0,61-70,60,70,60,70,60,70,60,70,60,70,60,70,60,70,0,0,0,0,0,0,0,0,0,62-71,61,71,61,71,61,71,61,71,61,71,61,71,61,71,60,70,0,0,0,0,0,0,0,61-52,42,52,42,52,42,52,42,52,42,52,42,52,42,52,41,51,60,70,0,0,0,0,0,62-0,0,0,0,0,0,0,0,0,0,0,0,0,0,0,42,52,41,51,60,70,0,0,0,61-60,70,60,70,0,0,0,0,0,0,0,0,60,70,0,0,0,42,52,61,71,0,0,0,62-61,71,61,71,60,70,0,0,0,0,0,0,41,51,0,0,0,0,0,62,72,0,0,0,61-62,72,62,72,61,71,0,0,0,60,70,0,42,52,0,0,0,0,0,61,71,0,0,0,62-61,71,61,71,62,72,0,0,0,41,51,0,0,0,0,0,0,0,0,42,52,0,0,0,61-62,72,62,72,61,71,0,0,0,42,52,0,0,0,60,70,0,0,60,70,0,0,0,0,62-61,71,61,71,62,72,0,0,0,0,0,0,60,70,41,51,0,0,61,71,60,70,0,0,61-62,72,62,72,61,71,0,0,0,0,0,0,41,51,42,52,0,0,62,72,61,71,0,0,62-61,71,61,71,62,72,0,0,0,0,0,0,42,52,0,0,0,0,61,71,62,72,0,0,61-62,72,62,72,61,71,60,70,0,0,0,0,0,0,0,0,0,0,62,72,61,71,0,0,62-61,71,61,71,62,72,61,71,60,70,0,0,0,0,0,0,60,70,61,71,62,72,0,0,61-62,72,62,72,61,71,62,72,61,71,60,70,60,70,60,70,61,71,62,72,61,71,0,0,62-61,71,61,71,42,52,61,71,62,72,61,71,61,71,61,71,62,72,61,71,42,52,0,0,61-62,72,62,72,0,0,62,72,61,71,62,72,62,72,62,72,61,71,42,52,0,0,0,0,62-61,71,61,71,0,0,61,71,42,52,61,71,61,71,61,71,42,52,0,0,0,0,0,0,61-62,72,62,72,0,0,42,52,0,0,42,52,42,52,42,52,0,0,0,0,0,0,0,0,62-61,71,61,71,0,0,0,0,0,0,0,0,0,0,0,0,0,0,0,0,0,0,60,70,61-62,72,62,72,0,0,0,0,0,0,60,70,0,0,0,0,60,70,60,70,0,0,61,71,62-61,71,61,71,0,0,60,70,60,70,61,71,60,70,60,70,61,71,61,71,60,70,62,72,61-62,72,62,72,0,0,61,71,61,71,62,72,61,71,61,71,62,72,62,72,61,71,61,71,62-61,71,61,71,0,0,62,72,62,72,61,71,62,72,62,72,61,71,61,71,62,72,62,72,61
false
7
4
kevin
</mapData>

















