<mapData>
7x5
00,00,00,00,00,00,00,20,00,00,30,10,00,00,00,30,00,00,00,00,00,00,00,00,00-00,00,00,00,00,00,00,20,00,00,00,00,00,00,00,00,00,00,00,00,00,00,00,00,00-00,00,00,00,00,00,00,00,00,00,00,00,00,00,00,00,00,00,00,00,00,00,00,00,00-00,00,00,00,00,10,00,00,00,00,00,00,00,00,00,00,00,00,00,00,00,00,00,00,00-10,00,00,00,20,00,00,00,00,00,00,00,00,00,00,00,00,00,00,00,00,00,00,00,00-00,00,00,00,00,30,20,00,00,00,00,00,00,00,00,00,00,00,00,00,10,00,20,00,00-00,00,00,00,00,00,00,00,00,00,00,00,00,00,00,00,00,00,00,00,00,00,00,10,00-00,00,00,00,00,00,00,00,00,00,00,00,00,00,00,00,00,00,00,00,00,00,00,00,00-00,00,20,00,00,00,00,00,00,00,00,00,00,00,00,00,00,00,00,00,00,00,00,00,00-00,00,00,00,30,00,00,00,00,00,00,00,00,00,00,00,00,00,00,00,00,00,00,20,10-00,00,00,00,00,00,00,00,00,30,00,00,00,00,00,20,00,30,00,00,00,00,00,00,00-00,00,00,00,00,00,00,20,00,00,00,00,00,00,00,00,00,00,10,00,10,10,00,00,00-00,00,00,00,00,00,00,00,00,00,30,30,00,00,00,00,30,00,00,00,00,00,00,00,00-00,00,10,00,00,00,00,00,00,00,00,00,00,00,10,00,00,00,00,10,30,00,00,00,00-00,00,00,00,20,00,00,00,00,00,00,00,00,30,00,00,00,30,00,00,00,00,00,00,00-00,00,00,00,20,00,20,00,00,00,00,00,00,00,00,00,00,00,00,00,00,00,00,00,00-00,00,20,20,00,00,00,00,00,00,00,00,00,00,00,00,00,00,10,00,00,30,00,00,00-00,00,00,00,00,00,00,00,00,00,00,00,00,00,00,00,30,00,00,00,00,00,00,00,00-00,00,00,00,00,00,00,00,00,30,00,00,00,00,00,00,00,00,00,00,20,00,00,30,00-00,00,00,00,10,00,00,00,20,00,00,00,00,00,00,00,00,00,00,00,00,00,00,00,00-00,00,00,00,00,30,00,00,00,00,00,00,00,00,00,00,00,00,00,30,00,00,00,00,00-00,00,20,00,00,00,00,00,10,00,00,30,00,00,00,00,00,00,00,00,00,00,00,00,00-00,00,00,00,00,00,10,00,00,00,20,30,00,00,00,00,00,00,00,00,00,00,00,00,00-00,00,00,00,00,00,00,00,10,00,00,00,00,00,00,00,00,00,00,00,00,00,00,00,00-00,00,00,00,00,00,00,00,00,00,00,00,00,10,00,00,00,30,00,00,00,00,00,00,00
62,72,62,72,0,0,61,71,61,71,40,50,61,71,61,71,40,50,40,50,61,71,61,71,40-61,71,61,71,0,0,62,72,62,72,61,71,62,72,62,72,61,71,61,71,62,72,62,72,61-62,72,62,72,0,0,61,71,61,71,62,72,61,71,61,71,62,72,62,72,61,71,61,71,62-61,71,61,71,0,0,62,72,62,72,61,71,62,72,62,72,61,71,61,71,62,72,62,72,61-62,72,62,72,0,0,61,71,61,71,62,72,61,71,61,71,62,72,62,72,61,71,61,71,42-61,71,61,71,0,0,42,52,42,52,61,71,62,72,62,72,61,71,61,71,62,72,42,52,0-62,72,62,72,0,0,0,0,0,0,62,72,61,71,61,71,62,72,62,72,61,71,0,0,0-61,71,61,71,0,0,0,0,0,0,61,71,62,72,62,72,61,71,61,71,42,52,0,0,0-62,72,62,72,0,0,0,0,0,0,62,72,61,71,61,71,62,72,42,52,0,0,0,0,0-61,71,61,71,0,0,0,0,0,0,61,71,62,72,62,72,61,71,0,0,0,0,0,0,0-62,72,62,72,0,0,0,0,0,0,62,72,61,71,61,71,42,52,0,0,0,0,0,0,0-61,71,61,71,0,0,0,0,0,0,61,71,62,72,62,72,0,0,0,0,0,0,0,0,0-62,72,62,72,0,0,0,0,60,70,62,72,61,71,61,71,0,0,0,0,0,0,0,0,0-61,71,61,71,0,0,0,0,61,71,61,71,62,72,62,72,0,0,0,0,0,0,0,0,0-62,72,62,72,0,0,0,0,62,72,62,72,61,71,61,71,0,0,0,0,0,0,0,0,0-61,71,61,71,0,0,0,0,61,71,61,71,62,72,42,52,0,0,0,0,0,0,0,0,0-42,52,42,52,0,0,0,0,62,72,62,72,61,71,0,0,0,0,0,0,0,0,0,0,0-0,0,0,0,0,0,60,70,61,71,61,71,62,72,0,0,0,0,0,0,0,0,0,0,0-0,0,0,0,60,70,61,71,62,72,62,72,61,71,0,0,0,0,0,0,0,0,0,0,0-60,70,60,70,61,71,62,72,61,71,61,71,42,52,0,0,0,0,0,0,0,0,0,0,0-61,71,61,71,62,72,61,71,62,72,42,52,0,0,0,0,0,0,0,0,0,0,0,0,0-62,72,62,72,61,71,62,72,61,71,0,0,0,0,0,0,0,0,0,0,0,0,0,0,0-61,71,61,71,62,72,61,71,42,52,0,0,0,0,0,0,0,0,0,0,0,0,0,0,0-62,72,62,72,61,71,42,52,0,0,0,0,0,0,0,0,0,0,0,0,0,0,0,0,0-61,71,61,71,42,52,0,0,0,0,0,0,0,0,0,0,0,0,0,0,0,0,0,0,0
false
7
5
kevin
</mapData>
















