<mapData>
7x6
00,00,00,00,00,00,00,00,00,00,03,13,13,13,13,13,13,13,13,13,13,13,13,13,13-00,00,00,00,00,00,00,00,10,00,03,13,13,13,13,13,13,13,13,13,13,13,13,13,13-00,30,00,00,00,00,10,00,00,02,34,13,13,13,13,13,13,13,13,13,13,13,13,13,13-00,30,00,00,30,00,00,30,00,03,13,13,13,13,13,13,13,13,13,13,13,13,13,13,13-00,00,00,00,00,00,10,00,00,03,13,13,13,13,13,13,13,13,13,13,13,13,13,13,13-00,00,00,00,00,00,00,00,02,34,13,13,13,13,13,13,13,13,13,13,13,13,13,13,13-00,00,00,00,00,00,00,00,03,13,13,13,13,13,13,13,13,13,13,13,13,13,13,13,13-00,00,00,00,00,00,00,02,34,13,13,13,13,13,13,13,13,13,13,13,13,13,13,13,13-00,00,00,00,00,00,02,34,13,13,13,13,13,13,13,13,13,13,13,13,13,13,13,13,13-00,00,00,02,12,12,34,13,13,13,13,13,13,13,13,13,13,13,13,13,13,13,13,13,13-00,02,12,34,13,13,13,13,13,13,13,13,13,13,13,13,13,13,13,13,13,13,13,13,13-12,34,13,13,13,13,13,13,13,13,13,13,13,13,13,13,13,13,13,13,13,13,13,13,13-13,13,13,13,13,13,13,13,13,13,13,13,13,13,13,13,13,13,13,13,13,13,13,13,13-13,13,13,13,13,13,13,13,13,13,13,13,13,13,13,13,13,13,13,13,13,13,13,13,13-13,13,13,13,13,13,13,13,13,13,13,13,13,13,13,13,13,13,13,13,13,13,13,13,13-13,13,13,13,13,13,13,13,13,13,13,13,13,13,13,13,13,13,13,13,13,13,13,13,13-13,13,13,13,13,13,13,13,13,13,13,13,13,13,13,13,13,13,13,13,13,13,13,13,13-13,13,13,13,13,13,13,13,13,13,13,13,13,13,13,13,13,13,13,13,13,13,13,13,13-13,13,13,13,13,13,13,13,13,13,13,13,13,13,13,13,13,13,13,13,13,13,13,13,13-13,13,13,13,13,13,13,13,13,13,13,13,13,13,13,13,13,13,13,13,13,13,13,13,13-13,13,13,13,13,13,13,13,13,13,13,13,13,13,13,13,13,13,13,13,13,13,13,13,13-13,13,13,13,13,13,13,13,13,13,13,13,13,13,13,13,13,13,13,13,13,13,13,13,13-13,13,13,13,13,13,13,13,13,13,13,13,13,13,13,13,13,13,13,13,13,13,13,13,13-13,13,13,13,13,13,13,13,13,13,13,13,13,13,13,13,13,13,13,13,13,13,13,13,13-13,13,13,13,13,13,13,13,13,13,13,13,13,13,13,13,13,13,13,13,13,13,13,13,13
42,52,42,52,0,0,0,0,0,0,0,0,0,0,0,0,0,0,0,0,0,0,0,0,0-0,0,0,0,0,0,0,0,0,0,0,0,0,0,a4701,0,0,0,0,0,0,0,0,0,0-0,0,0,0,0,0,0,0,0,0,0,0,0,0,0,0,0,0,0,0,0,0,0,0,0-0,0,0,0,0,0,0,0,0,0,0,0,0,0,0,0,0,a4701,0,0,0,a4701,0,0,0-0,0,0,0,0,0,0,0,0,0,0,0,0,0,0,0,0,0,0,0,0,0,0,0,0-0,0,0,0,0,0,0,0,0,0,0,0,0,0,0,0,0,0,0,0,a4701,0,0,0,0-0,0,0,0,0,0,0,0,0,0,0,0,0,a4701,0,0,0,0,0,0,0,0,0,0,0-0,0,0,0,0,0,0,0,0,0,0,0,0,0,0,0,0,0,0,a4701,0,0,0,0,0-0,0,0,0,0,0,0,0,0,0,0,0,0,0,0,0,0,0,0,0,0,0,0,0,0-0,0,0,0,0,0,0,0,0,0,0,0,0,0,0,0,a4701,0,0,0,0,0,0,0,0-0,0,0,0,0,0,0,0,0,0,0,0,0,0,0,0,0,0,0,0,0,0,0,0,0-0,0,0,0,0,0,0,0,0,0,0,0,0,0,0,0,0,0,0,0,0,a4701,0,0,0-0,0,0,0,0,0,0,0,0,a4701,0,0,0,0,0,0,0,0,0,0,0,0,0,0,0-0,0,0,0,0,0,0,0,0,0,0,0,0,0,a4701,0,0,0,0,0,0,0,0,0,0-0,0,0,0,a4701,0,0,0,0,0,0,0,0,0,0,0,0,0,0,0,a4701,0,0,0,0-0,0,0,0,0,0,0,0,0,0,0,0,0,0,0,0,0,0,0,0,0,0,0,0,0-0,0,0,0,0,0,0,0,0,0,0,0,0,0,0,a4701,0,0,0,0,0,0,0,0,0-0,0,0,0,0,0,0,0,0,0,0,0,0,0,0,0,0,0,0,0,0,0,0,0,0-0,0,0,0,0,0,0,0,0,0,0,0,0,0,0,0,0,0,0,0,0,0,0,a4701,0-0,0,0,0,0,0,0,0,0,0,a4701,0,0,0,0,0,0,0,0,0,0,0,0,0,0-0,0,0,a4701,0,0,0,0,0,0,0,0,0,0,0,0,0,0,0,0,0,0,0,0,0-0,0,0,0,0,0,0,0,0,0,0,0,0,0,0,0,0,0,0,0,0,0,0,0,0-0,0,0,0,0,0,0,0,0,0,0,0,0,0,0,0,0,0,0,0,0,0,a4701,0,0-0,0,0,0,0,0,0,0,0,0,0,0,0,0,0,0,0,0,0,0,0,0,0,0,0-0,0,0,0,0,0,0,0,0,0,0,0,0,0,0,0,0,0,0,0,0,0,0,0,0
false
7
6
kevin
</mapData>

















