<mapData>
7x7
13,13,13,13,13,13,13,13,13,13,13,13,13,13,13,13,13,13,13,13,13,13,13,13,13-13,13,13,13,13,13,13,13,13,13,13,13,13,13,13,13,13,13,13,13,13,13,13,13,13-13,13,13,13,13,13,13,13,13,13,13,13,13,13,13,13,13,13,13,13,13,13,13,13,13-13,13,13,13,13,13,13,13,13,13,13,13,13,13,13,13,13,13,13,13,13,13,13,13,13-13,13,13,13,13,13,13,13,13,13,13,13,13,13,13,13,13,13,13,13,13,13,13,13,13-13,13,13,13,13,13,13,13,13,13,13,13,13,13,13,13,13,13,13,13,13,13,13,13,13-13,13,13,13,13,13,13,13,13,13,13,13,13,13,13,13,13,13,13,13,13,13,13,13,13-13,13,13,13,13,13,13,13,13,13,13,13,13,13,13,13,13,13,13,13,13,13,13,13,13-00,00,00,00,00,13,13,13,13,13,13,13,13,13,13,13,13,13,13,13,13,13,13,13,13-00,00,00,00,729,00,30,00,00,00,00,00,00,00,00,00,00,13,13,13,13,13,13,13,13-10,00,00,00,00,00,00,00,00,00,00,00,00,00,00,00,729,00,30,00,00,00,00,00,00-00,00,00,20,00,00,00,20,00,00,00,00,00,00,00,10,10,00,00,00,00,20,00,00,00-00,00,00,00,00,00,00,00,00,00,00,00,00,00,00,00,00,20,00,00,00,00,00,00,00-00,00,00,00,00,10,00,00,00,00,00,00,30,00,00,00,00,00,00,00,00,00,00,00,00-00,00,00,00,00,00,00,00,00,00,00,00,00,00,30,00,00,00,00,10,00,00,00,00,00-00,00,00,00,00,10,00,00,00,00,00,00,00,00,00,00,00,00,00,00,00,00,00,00,00-00,00,00,00,00,00,00,00,00,00,00,00,00,00,00,00,00,00,00,00,00,00,00,00,00-00,00,00,00,00,00,00,00,00,00,00,00,00,00,00,00,00,00,30,00,00,30,00,00,00-00,00,00,00,00,00,00,00,00,00,00,00,00,00,00,00,10,00,00,20,00,00,00,00,00-00,00,00,00,00,00,00,00,00,00,00,00,00,00,20,00,00,00,00,00,00,00,00,00,00-00,00,30,00,00,00,00,20,00,00,00,00,00,00,30,00,00,00,00,00,00,00,00,00,00-00,00,00,10,00,20,00,00,00,20,00,00,00,00,00,00,00,00,00,00,00,00,00,20,00-00,00,00,00,00,00,00,00,00,10,00,00,00,00,00,00,00,00,00,00,00,00,00,10,00-20,00,00,00,30,00,10,00,00,00,00,00,00,00,00,00,00,00,00,00,00,00,00,00,00-00,00,00,00,00,00,00,00,00,00,00,00,00,00,00,00,00,00,00,00,00,00,00,00,00
0,0,0,0,0,0,0,0,0,0,0,0,0,0,0,0,0,0,a4701,0,0,0,0,0,0-0,0,a4701,0,a4701,0,0,0,0,0,a4701,0,0,0,0,0,0,0,0,0,0,0,0,0,0-0,0,0,0,0,0,0,0,0,0,0,0,0,a4701,0,0,0,a3365,a3366,0,a4701,0,0,0,a4701-0,0,a4701,0,0,0,0,0,0,a4701,0,0,0,0,0,0,0,a3373,a3374,0,0,0,a4701,0,0-0,0,0,a3363,a3364,0,0,0,0,0,0,0,0,0,0,0,0,a3381,a3382,0,0,0,0,0,0-0,0,0,a3371,a3372,0,0,0,0,0,0,0,0,0,0,0,0,0,0,0,0,0,0,0,a4701-0,0,0,a3379,a3380,0,0,0,0,0,0,0,0,0,0,0,0,0,0,0,0,0,0,0,0-0,0,0,0,0,0,0,0,0,0,0,0,a4701,0,0,0,0,0,0,0,0,0,0,0,0-626,626,626,626,726,0,0,0,0,0,0,0,0,0,0,0,0,0,0,0,0,0,0,0,0-627,627,627,627,729,626,626,626,626,626,626,626,626,626,626,626,726,0,0,0,0,0,0,0,0-627,627,627,627,627,627,627,627,627,627,627,627,627,627,627,627,729,626,626,626,626,626,626,626,626-627,627,627,627,627,627,627,627,627,627,627,627,627,627,627,627,627,627,627,627,627,627,627,627,627-627,627,627,627,627,627,627,627,627,627,627,627,627,627,627,627,627,627,627,627,627,627,627,627,627-627,627,627,627,627,627,627,627,627,627,627,627,627,627,627,627,627,627,627,627,627,627,627,627,627-627,627,627,627,627,627,627,627,627,627,627,627,627,627,627,627,627,627,627,627,627,627,627,627,627-627,627,627,627,627,627,627,627,627,627,627,627,627,627,627,627,627,627,627,627,627,627,627,627,627-627,627,627,627,627,627,627,627,627,627,627,627,627,627,627,627,627,627,627,627,627,627,627,627,627-627,627,627,627,627,627,627,627,627,627,627,627,627,627,627,627,627,627,627,627,627,627,627,627,627-627,627,627,627,627,627,627,627,627,627,627,627,627,627,627,627,627,627,627,627,627,627,627,627,627-627,627,627,627,627,627,627,627,627,627,627,627,627,627,627,627,627,627,627,627,627,627,627,627,627-627,627,627,627,627,627,627,627,627,627,627,627,627,627,627,627,627,627,627,627,627,627,627,627,627-627,627,627,627,627,627,627,627,627,627,627,627,627,627,627,627,627,627,627,627,627,627,627,627,627-627,627,627,627,627,627,627,627,627,627,627,627,627,627,627,627,627,627,627,627,627,627,627,627,627-627,627,627,627,627,627,627,627,627,627,627,627,627,627,627,627,627,627,627,627,627,627,627,627,627-627,627,627,627,627,627,627,627,627,627,627,627,627,627,627,627,627,627,627,627,627,627,627,627,627
false
7
7
kevin
</mapData>

















