<mapData>
8x0
00,00,00,00,00,00,00,00,00,00,00,00,00,00,00,00,20,00,00,00,00,00,00,20,00-00,00,00,00,00,00,00,00,00,00,00,00,00,00,00,00,00,00,00,00,00,00,00,20,00-00,20,00,00,00,00,00,00,00,00,00,00,00,00,00,00,00,00,00,00,00,00,30,00,00-00,00,00,00,00,00,00,00,322,322,322,322,322,322,322,322,322,00,00,00,00,00,10,00,00-00,00,1332,1332,1332,1332,1332,1332,1332,1332,1332,1332,1332,1332,1332,1332,1332,1332,1332,1332,1332,1332,00,00,00-00,00,00,00,00,1332,1332,1332,1332,1332,1332,1332,1332,1332,1332,1332,1332,1332,1332,00,00,00,00,00,00-00,00,00,00,00,30,00,00,00,00,00,00,00,00,00,00,00,00,00,00,00,00,00,00,00-00,00,00,00,00,00,00,00,00,00,20,10,00,00,00,00,00,00,00,00,00,00,00,00,00-00,00,00,00,00,00,00,00,00,00,00,30,00,00,00,00,00,00,00,00,20,20,00,00,00-00,00,00,00,00,00,00,00,00,00,00,00,00,00,00,00,00,30,00,00,00,00,00,00,10-20,00,00,00,00,00,00,00,00,00,00,00,00,00,00,00,00,00,00,00,00,00,00,00,00-00,00,00,00,00,00,00,00,05,15,15,15,15,15,15,25,00,00,10,00,00,00,00,00,00-00,00,00,00,00,00,00,00,06,16,16,16,16,16,16,26,00,00,00,00,00,20,00,00,00-00,00,00,00,00,00,00,00,06,16,16,16,16,16,16,26,00,00,00,00,00,00,00,00,00-00,00,00,00,00,00,00,00,06,16,16,16,16,16,16,26,00,00,00,00,00,00,00,00,00-00,00,00,20,00,00,00,30,07,17,17,17,17,17,17,27,10,00,00,00,00,00,00,00,00-00,00,00,00,00,00,00,10,00,00,00,631,731,00,00,00,00,00,10,30,00,00,00,00,00-00,00,00,00,00,00,00,00,00,00,00,00,00,00,00,00,00,20,00,00,00,00,00,00,20-00,00,10,00,30,00,00,10,00,00,00,631,731,00,00,00,00,00,00,00,00,20,00,00,00-00,00,00,00,00,00,00,00,00,00,00,00,00,00,00,00,00,00,00,00,00,00,00,00,00-00,10,00,20,00,00,00,00,00,00,00,631,731,00,00,00,00,00,00,00,00,00,00,00,00-00,00,00,00,00,00,00,00,00,00,00,30,00,00,00,00,00,00,10,20,00,00,00,00,00-00,00,10,00,00,00,00,00,00,00,00,00,00,00,00,00,00,00,00,00,00,00,00,00,00-00,00,00,00,00,00,00,00,00,00,00,20,00,00,00,00,00,00,00,00,00,00,00,00,00-00,00,00,00,00,00,00,00,00,00,30,00,00,10,00,20,00,00,00,00,00,00,00,00,00
0,0,0,0,0,0,320,320,322,322,322,322,322,322,322,322,322,0,0,0,0,0,0,0,0-0,0,0,0,0,320,321,321,322,322,322,322,322,322,322,322,322,320,0,320,0,0,0,0,0-0,0,0,0,0,321,322,322,322,322,322,322,322,322,322,322,322,321,0,321,0,0,0,0,0-0,0,0,0,0,422,322,322,078,178,278,378,478,322,322,322,322,422,0,422,0,0,0,0,0-0,3332,320,320,1229,1229,1229,1229,079,179,279,379,479,1229,1229,1229,1229,1229,1229,1229,1229,320,5332,0,0-0,0230,321,321,3332,320,320,4332,080,180,280,380,480,580,680,780,4332,320,320,5332,320,321,2230,0,320-0,0230,322,322,0230,321,321,3332,081,181,281,381,481,581,681,781,5332,321,321,2230,321,322,2230,0,321-320,0230,322,422,0230,322,322,0230,082,182,282,382,482,582,682,782,2230,322,322,2230,322,322,2230,0,322-321,0230,422,0,0230,322,322,0230,083,183,283,383,483,583,683,783,2230,322,322,2230,322,422,2230,0,322-322,0230,0,0,0230,422,322,0230,084,184,284,384,484,584,684,784,2230,322,322,2230,422,0,2230,0,322-322,0230,0,0,0230,0,322,0230,085,185,285,385,485,585,685,785,2230,322,422,2230,0,0,2230,0,322-322,0230,0,0,0230,0,422,0230,086,186,286,386,486,586,686,786,2230,422,0,2230,0,0,2230,0,422-322,0230,0,0,0230,0,0,0230,087,187,287,387,487,587,687,787,2230,0,0,2230,0,0,2230,0,0-322,0230,0,0,0230,0,0,0230,0,0,0,0,0,0,0,0,2230,0,0,2230,0,0,2230,0,0-322,0230,0,0,0230,0,0,0230,6195,7195,0,0,0,0,6195,7195,2230,0,0,2230,0,0,2230,320,320-421,0230,0,0,0230,0,0,0230,6196,7196,0,0,0,0,6196,7196,2230,0,0,2230,0,0,2230,321,321-422,0230,0,0,0230,0,0,3334,1231,1231,1231,0,0,1231,1231,1231,5334,0,0,2230,0,0,2230,322,322-0,0230,0,0,3334,1231,6334,0,0,0,0,0,0,0,0,0,0,0,7334,1231,0,0,2230,322,322-0,3334,6334,0,0,0,3334,1231,1231,1231,1231,0,0,1231,1231,1231,1231,1231,5334,0,0,0,1231,322,322-0,0,3334,6334,0,0,0,0,0,0,0,0,0,0,0,0,0,0,0,0,7334,1231,5334,322,322-0,0,0,3334,1231,1231,1231,1231,1231,1231,1231,0,0,1231,1231,1231,1231,1231,1231,1231,5334,0,0,422,322-0,0,0,0,0,0,3229,0,0,0,0,0,0,0,0,0,0,0,0,0,0,0,0,0,422-0,0,0,0,3332,4332,4332,4332,4332,4332,4332,4332,4332,4332,4332,4332,4332,4332,4332,4332,5332,0,0,0,0-0,0,3332,4332,4333,0,0,0,0,440,540,640,740,545,645,745,0,0,0,0,4333,4332,5332,0,0-0,0,3333,0,0,0,0,0,0,441,541,641,741,546,646,746,0,0,0,0,0,0,5333,0,0
false
8
0
kevin
</mapData>














