<mapData>
8x3
00,00,00,00,00,00,00,00,00,00,00,00,00,00,00,00,00,00,00,00,00,00,00,00,00-00,00,00,00,00,00,00,00,00,00,00,00,00,00,00,30,00,00,00,00,00,00,00,00,00-00,00,00,00,00,00,00,00,00,00,00,00,00,00,00,00,00,00,00,00,00,00,00,00,00-20,00,00,00,00,00,30,00,00,10,00,20,00,30,00,00,00,00,20,00,00,00,00,00,00-00,00,00,00,00,00,00,00,00,00,10,00,00,30,00,00,10,00,00,00,00,00,00,00,00-00,00,00,00,00,00,00,00,00,00,00,00,00,00,00,00,00,00,00,00,00,00,00,00,00-00,00,00,00,00,00,00,00,00,00,00,00,00,00,10,00,00,00,00,00,00,00,00,00,00-00,00,00,00,00,00,00,00,00,00,00,00,00,00,00,00,00,00,00,00,00,00,00,00,00-00,00,00,00,30,00,00,00,00,00,00,00,00,00,00,00,00,00,00,30,00,00,00,00,00-00,00,00,00,00,00,00,00,00,00,00,00,00,00,00,00,00,00,00,00,00,00,00,10,00-00,00,20,10,00,00,00,00,00,00,00,00,00,00,00,00,00,00,00,00,00,00,00,00,00-00,00,00,00,00,00,00,10,00,00,00,00,00,00,00,00,00,30,00,00,00,00,00,00,00-00,00,00,00,00,00,00,00,00,00,00,00,00,00,10,10,00,00,30,00,00,00,00,00,00-00,52,00,00,00,00,00,00,00,00,00,00,10,00,00,10,10,00,00,00,00,00,00,00,00-30,00,10,00,00,00,00,00,00,00,00,00,00,00,00,00,00,00,30,00,00,00,00,00,00-00,00,20,00,00,00,00,00,00,00,00,00,00,00,20,00,00,00,00,00,00,00,00,00,00-00,00,00,00,00,00,00,00,00,00,00,00,00,20,00,00,00,00,00,00,00,00,00,00,00-00,00,00,00,00,00,00,00,00,00,00,30,00,00,00,00,00,00,00,00,00,00,00,00,00-00,20,00,00,10,00,00,00,00,00,00,00,00,00,00,00,00,00,00,00,00,30,00,00,00-00,00,00,00,00,00,00,00,00,00,00,00,00,20,00,00,00,00,00,00,00,00,00,00,00-00,00,10,00,00,00,00,00,00,00,00,00,00,00,00,00,00,00,30,10,00,00,00,00,20-00,00,00,00,00,00,00,00,00,00,00,00,00,00,00,00,00,00,00,00,00,00,00,30,00-00,00,00,00,00,00,00,00,00,00,00,10,30,00,00,00,00,00,00,00,10,00,00,00,00-00,00,00,00,00,00,00,00,00,00,00,00,00,30,00,00,00,00,30,00,00,00,00,00,00-00,00,00,00,00,00,00,00,00,00,20,00,00,00,00,00,00,00,00,00,10,00,00,00,00
61,71,61,71,62,72,61,71,62,72,61,71,62,72,61,71,61,71,62,72,62,72,61,71,62-62,72,62,72,61,71,62,72,61,71,62,72,61,71,62,72,62,72,61,71,61,71,62,72,61-61,71,61,71,62,72,61,71,62,72,61,71,62,72,61,71,61,71,62,72,42,52,61,71,42-62,72,62,72,61,71,42,52,61,71,42,52,61,71,42,52,62,72,61,71,0,0,42,52,0-61,71,61,71,42,52,7218,7218,42,52,0,0,42,52,0,0,61,71,42,52,0,0,0,0,0-62,72,62,72,0,0,0,0,0,0,0,0,0,0,0,0,62,72,0,0,0,0,0,0,0-61,71,61,71,0,0,0200,1200,2200,3200,4200,0,0,0,0,0,61,71,0,045,145,245,345,445,0-62,72,42,52,0,0,0201,1201,2201,3201,4201,5146,6146,7146,60,70,42,52,0,046,146,246,346,446,0-61,71,0,0,0,0,0202,1202,2202,3202,4202,5147,6147,7147,61,71,0,0,0,047,147,247,347,447,0-62,72,0,0,0,0,0203,1203,2203,3203,4203,0,0,0,62,72,0,0,0,048,148,248,348,448,0-61,71,0,0,0,1128,0,0,0,0,0,0,0,0,61,71,0,0,0,049,149,249,349,449,0-62,72,0,0,0,1129,0,0,0,0,0,0,0,0,42,52,0,0,0,0,0,0,0,0,0-61,71,0,0,0,0,0,0,0,0,0,0,0,0,425,0,0,0,0,0,0,0,0,0,0-42,60,70,023,023,023,023,023,0,023,023,023,023,023,725,0,0,0,0,0,0,0,0,0,0-70,61,71,0,0,0,0,0,0,0,0,0,0,0,0,0,0,0,0,0,0,0,0,0,0-71,62,72,60,70,0,0,0,0,0,0,0,0,0,0,0,0,0,0,0,0,0,0,0,0-72,61,71,61,71,0,0,0,0,0,0,0,0,0,0,0,0,0,0,0,0,0,0,0,0-71,62,72,62,72,60,70,0,0,0,0,0,0,0,0,0,0,0,0,0,0,0,0,0,0-72,61,71,61,71,61,71,0,0,0,0,0,0,0,0,0,0,0,0,0,0,0,0,0,0-71,62,72,62,72,42,52,0,0,0,0,0,0,0,0,0,0,0,0,0,0,0,0,0,0-72,61,71,61,71,0,0,0,0,0,0,0,0,0,0,0,0,0,0,0,0,0,0,0,0-71,62,72,42,52,0,0,0,0,0,0,0,0,0,0,0,0,0,0,0,0,0,0,0,0-72,61,71,0,0,0,0,0,0,0,0,0,0,0,0,0,0,0,0,0,0,0,0,0,0-71,62,72,0,0,0,0,0,0,0,0,0,0,0,0,0,0,0,0,0,0,0,0,0,0-72,61,71,0,0,0,0,0,0,0,0,0,0,0,0,0,0,0,0,0,0,0,0,0,0
false
8
3
kevin
</mapData>

















