<mapData>
8x4
00,00,30,00,00,00,00,00,00,00,00,00,00,00,10,00,00,00,00,00,00,00,00,00,00-00,00,00,00,00,00,00,00,00,20,00,00,00,00,30,00,00,00,00,00,00,00,00,00,00-00,00,00,10,00,00,00,00,00,00,00,00,20,00,00,00,20,00,30,10,00,00,30,00,00-00,00,00,00,00,00,00,00,00,00,00,00,00,00,30,00,00,10,00,00,00,00,00,00,00-00,00,10,00,00,00,00,10,00,00,00,00,00,00,00,00,00,00,00,00,00,00,00,00,00-00,00,00,00,00,10,00,00,00,00,30,00,00,00,00,00,10,00,00,00,00,00,00,10,00-00,00,00,00,00,00,00,00,00,00,00,00,00,00,00,00,00,00,00,00,00,00,30,00,00-00,30,00,00,00,00,00,00,00,00,00,00,00,00,00,00,00,00,00,00,10,00,00,00,00-00,30,00,00,00,00,00,00,00,00,00,00,00,00,00,00,00,20,00,00,00,00,00,00,00-00,00,10,00,00,00,00,00,00,00,20,00,00,00,00,20,00,00,00,00,00,00,00,00,00-10,00,00,00,00,00,00,10,00,00,00,00,00,00,00,00,00,00,00,00,00,00,00,00,00-00,00,00,00,00,00,00,10,00,00,00,00,30,00,00,00,00,00,00,00,00,00,00,00,00-00,00,00,00,00,00,00,00,00,00,00,00,00,00,00,00,00,00,00,00,00,00,00,00,00-00,00,00,30,00,00,00,00,00,00,00,00,00,00,00,00,00,00,00,00,00,00,00,00,00-00,00,00,00,00,00,00,10,00,30,20,00,00,00,00,00,00,00,00,00,00,00,00,00,00-00,20,00,00,00,00,30,00,00,00,00,00,00,00,00,00,00,00,10,00,00,00,00,00,00-00,00,00,00,00,30,00,00,00,00,00,00,00,00,00,00,00,00,00,00,00,00,00,00,00-20,00,00,00,00,00,00,00,00,00,00,00,00,00,00,00,00,00,00,00,10,00,00,30,00-00,00,20,00,00,00,00,00,00,20,00,00,00,00,00,00,20,00,00,10,00,00,00,00,00-00,30,00,00,00,30,00,00,00,00,00,00,10,00,00,20,00,00,00,00,00,00,00,00,00-00,00,10,10,10,00,00,00,00,00,00,00,10,20,00,00,00,00,00,30,00,00,00,00,00-00,00,00,00,00,00,00,00,00,00,00,00,00,00,00,00,00,00,00,30,10,00,00,00,00-00,00,00,00,00,00,00,00,00,00,00,00,10,00,30,00,20,30,00,00,00,00,00,00,00-00,00,00,00,00,00,00,00,00,30,00,00,10,00,10,00,20,20,00,00,00,00,00,00,00-00,00,00,00,00,00,30,00,00,00,00,00,00,00,00,00,00,00,00,00,00,00,00,00,00
71,0,0,0,0,0,0,0,0,0,0,0,0,0,0,0,0,0,0,0,0,0,0,0,0-72,0,0,0,0,0,0,0,0,0,0,0,0,0,0,0,0,0,0,0,0,0,0,0,0-71,0,0,0,0,0,0,0,0,0,0,0,0,0,0,0,0,0,0,0,0,0,0,0,0-72,0,0,0,0,0,0,0,0,0,0,0,0,0,0,0,0,0,0,0,0,0,0,0,0-71,0,0,0,0,0,0,0,0,0,0,0,0,0,0,0,0,0,0,0,0,0,0,0,0-72,0,0,0,0,0,0,0,0,0,0,0,0,0,0,0,0,0,0,0,0,0,0,0,0-71,0,0,0,0,0,0,0,0,0,0,0,0,0,0,0,0,0,0,0,0,0,0,0,0-72,0,0,0,0,0,0,0,0,0,0,0,0,0,0,0,0,0,0,0,0,0,0,0,0-71,0,0,0,0,0,0,0,0,0,0,0,0,0,0,0,0,0,0,0,0,0,0,0,0-72,0,0,0,0,0,0,0,0,0,0,0,0,0,0,0,0,0,0,0,0,0,0,0,0-71,0,0,0,0,0,0,0,0,0,0,0,0,0,0,0,0,0,0,0,0,0,0,0,0-72,0,0,0,0,0,0,0,0,0,0,0,0,0,0,0,0,0,0,0,0,0,0,0,0-71,0,0,0,0,0,0,0,0,0,0,0,0,0,0,0,0,0,0,0,0,0,0,0,0-72,0,0,0,0,0,0,0,0,0,0,0,0,0,0,0,0,0,0,0,0,0,0,0,0-71,0,0,0,0,0,0,0,0,0,0,0,0,0,0,0,0,0,0,0,0,0,0,0,0-72,0,0,0,0,0,0,0,0,0,0,0,0,0,0,0,0,0,0,0,0,0,0,0,0-71,0,0,0,0,0,0,0,0,0,0,0,0,0,0,0,0,0,0,0,0,0,0,0,0-72,0,0,0,0,0,0,0,0,0,0,0,0,0,0,0,0,0,0,0,0,0,0,0,0-71,0,0,0,0,0,0,0,0,0,0,0,0,0,0,0,0,0,0,0,0,0,0,0,0-72,0,0,0,0,0,0,0,0,0,0,0,0,0,0,0,0,0,0,0,0,0,0,0,0-71,0,0,0,0,0,0,0,0,0,0,0,0,0,0,0,0,0,0,0,0,0,0,0,0-72,0,0,0,0,0,0,0,0,0,0,0,0,0,0,0,0,0,0,0,0,0,0,0,0-71,0,0,0,0,0,0,0,0,0,0,0,0,0,0,0,0,0,0,0,0,0,0,0,0-72,0,0,0,0,0,0,0,0,0,0,0,0,0,0,0,0,0,0,0,0,0,0,0,0-71,0,0,0,0,0,0,0,0,0,0,0,0,0,0,0,0,0,0,0,0,0,0,0,0
false
8
4
kevin
</mapData>

















