<mapData>
8x7
00,00,00,10,00,00,00,00,00,00,00,00,00,00,00,00,00,00,10,00,00,00,00,00,00-00,00,00,00,00,00,30,00,00,00,00,00,30,00,00,00,00,00,00,00,00,00,00,00,00-00,00,00,00,30,00,00,00,00,00,00,00,00,00,30,00,00,00,00,00,00,00,00,00,00-00,00,00,20,00,00,00,00,00,00,00,00,00,00,00,00,00,00,00,00,10,00,00,00,00-00,00,00,00,00,00,00,00,30,00,00,00,00,00,00,00,00,00,30,00,00,00,20,00,00-00,00,00,00,10,00,00,00,00,00,00,00,00,00,00,00,00,00,00,00,00,00,00,00,00-00,00,00,00,00,00,00,00,00,00,00,00,00,00,00,00,00,00,10,00,00,00,00,00,00-00,00,00,20,00,00,00,00,00,00,00,00,00,00,00,00,00,00,00,20,10,00,00,00,30-00,00,00,00,10,10,00,00,00,00,00,00,00,00,00,00,00,00,00,00,00,00,00,30,00-00,00,00,00,00,00,00,00,00,00,00,00,00,00,00,00,00,00,00,00,00,20,00,00,00-00,00,00,00,00,00,00,00,30,00,00,00,00,00,30,00,20,00,00,00,00,00,00,00,00-20,00,00,00,00,00,00,00,00,00,00,00,00,20,00,20,10,00,00,00,00,00,00,20,00-00,00,00,00,00,30,00,00,00,00,00,00,00,00,00,00,00,00,00,00,20,00,00,00,20-00,10,00,00,00,00,00,20,00,00,00,00,00,20,00,00,00,00,00,00,00,00,30,00,00-00,00,00,00,00,00,00,00,00,00,00,00,00,00,00,00,00,00,30,30,00,30,00,00,00-10,00,20,00,00,00,00,10,00,00,00,20,00,00,00,00,00,00,00,00,00,00,00,00,00-00,20,20,00,00,10,00,00,20,00,00,30,00,00,00,00,00,00,00,00,00,00,00,00,00-00,00,00,00,00,00,00,00,00,00,00,00,00,00,00,00,00,00,30,00,00,00,00,00,00-00,00,00,00,00,00,00,00,00,00,00,00,00,00,00,00,00,00,00,00,00,10,00,00,00-00,00,00,00,00,00,30,00,00,00,00,00,00,00,00,00,00,00,00,00,00,00,00,00,00-30,00,00,00,00,00,00,00,00,00,00,00,00,00,00,00,00,00,20,00,00,00,00,00,00-00,00,00,00,00,00,00,00,00,00,00,00,30,00,00,20,00,00,00,00,00,00,00,10,00-00,30,00,20,00,00,00,00,30,00,00,00,00,00,00,00,00,30,00,00,00,00,00,00,10-00,00,10,20,00,00,00,00,00,00,00,00,00,00,00,00,00,00,00,00,00,00,00,00,00-00,00,00,00,00,10,00,00,00,00,00,00,00,00,00,00,00,00,00,00,00,00,00,00,00
0,0,0,0,0,0,0,0,0,0,0,0,0,0,0,0,0,0,0,0,0,0,0,0,0-0,0,0,0,0,0,0,0,0,0,0,0,0,0,0,0,0,0,0,0,0,0,0,0,0-0,0,0,0,0,0,0,0,0,0,0,0,0,0,0,0,0,0,0,0,0,0,0,0,0-0,0,0,0,0,0,0,0,0,0,0,0,0,0,0,0,0,0,0,0,0,0,0,0,0-0,0,0,0,0,0,0,0,0,0,0,0,0,0,0,0,0,0,0,0,0,0,0,0,0-0,0,0,0,0,0,0,0,0,0,0,0,0,0,0,0,0,0,0,0,0,0,0,0,0-0,0,0,0,0,0,0,0,0,0,0,0,0,0,0,0,0,0,0,0,0,0,0,0,0-0,0,0,0,0,0,0,0,0,0,0,0,0,0,0,0,0,0,0,0,0,0,0,0,0-0,0,0,0,0,0,0,0,0,0,0,0,0,0,0,0,0,0,0,0,0,0,0,0,0-0,0,0,0,0,0,0,0,0,526,626,626,626,626,626,626,626,626,626,626,626,626,626,626,626-626,626,626,626,626,626,626,626,626,627,627,627,627,627,627,627,627,627,627,627,627,627,627,627,627-627,627,627,627,627,627,627,627,627,627,627,627,627,627,627,627,627,627,627,627,627,627,627,627,627-627,627,627,627,627,627,627,627,627,627,627,627,627,627,627,627,627,627,627,627,627,627,627,627,627-627,627,627,627,627,627,627,627,627,627,627,627,627,627,627,627,627,627,627,627,627,627,627,627,627-627,627,627,627,627,627,627,627,627,627,627,627,627,627,627,627,627,627,627,627,627,627,627,627,627-627,627,627,627,627,627,627,627,627,627,627,627,627,627,627,627,627,627,627,627,627,627,627,627,627-627,627,627,627,627,627,627,627,627,627,627,627,627,627,627,627,627,627,627,627,627,627,627,627,627-627,627,627,627,627,627,627,627,627,627,627,627,627,627,627,627,627,627,627,627,627,627,627,627,627-627,627,627,627,627,627,627,627,627,627,627,627,627,627,627,627,627,627,627,627,627,627,627,627,627-627,627,627,627,627,627,627,627,627,627,627,627,627,627,627,627,627,627,627,627,627,627,627,627,627-627,627,627,627,627,627,627,627,627,627,627,627,627,627,627,627,627,627,627,627,627,627,627,627,627-627,627,627,627,627,627,627,627,627,627,627,627,627,627,627,627,627,627,627,627,627,627,627,627,627-627,627,627,627,627,627,627,627,627,627,627,627,627,627,627,627,627,627,627,627,627,627,627,627,627-627,627,627,627,627,627,627,627,627,627,627,627,627,627,627,627,627,627,627,627,627,627,627,627,627-627,627,627,627,627,627,627,627,627,627,627,627,627,627,627,627,627,627,627,627,627,627,627,627,627
false
8
7
kevin
</mapData>

















