<mapData>
9x-2
00,10,00,00,00,00,00,00,00,00,00,00,00,00,00,00,00,10,00,20,00,00,00,00,00-00,00,00,00,00,00,00,00,00,00,00,00,00,00,00,00,10,00,00,00,10,00,00,00,00-00,00,00,00,00,00,00,00,00,00,00,00,00,00,00,00,20,00,00,10,00,30,00,00,20-10,00,00,00,00,00,00,30,00,00,00,00,00,00,00,00,00,00,20,20,00,00,00,00,00-00,00,20,00,00,20,00,00,627,627,627,627,627,627,627,627,627,627,627,627,00,00,00,20,00-00,00,00,00,00,00,00,00,627,627,627,627,627,627,627,627,627,627,627,627,00,00,00,00,00-00,00,00,00,00,00,20,00,627,627,627,627,627,627,627,627,627,627,627,627,00,00,00,00,00-00,30,00,10,00,00,00,00,627,627,627,627,627,627,627,627,627,627,627,627,00,00,00,00,00-00,00,00,00,00,00,00,00,627,627,627,627,627,627,627,627,627,627,627,627,00,00,00,00,00-00,00,00,20,00,00,00,00,628,628,628,628,628,628,628,628,628,628,628,628,00,00,00,10,00-00,00,00,00,00,00,00,30,00,00,00,20,00,00,30,00,00,00,00,00,30,00,00,00,00-00,10,00,00,00,00,00,00,00,00,00,30,00,00,00,00,00,00,00,10,00,00,00,00,00-00,00,30,00,00,00,00,00,00,00,00,00,20,00,00,00,00,00,00,00,30,00,00,00,10-00,00,00,00,00,00,00,00,00,00,00,00,00,00,00,00,00,00,00,00,00,00,30,00,00-00,10,00,00,00,00,00,00,00,00,00,00,00,00,00,00,00,00,00,00,00,00,00,00,00-00,00,00,00,00,00,00,00,00,00,00,00,00,00,00,00,00,00,00,00,00,00,00,00,00-00,00,00,00,00,00,00,00,00,00,00,00,00,00,00,00,30,00,00,00,00,00,00,00,00-00,00,10,00,20,00,00,20,00,00,00,00,00,00,20,00,00,00,00,00,00,00,00,00,00-00,00,00,00,00,00,00,00,10,00,00,00,00,00,00,00,00,00,00,00,00,20,00,00,00-00,00,00,00,00,00,00,00,00,00,00,00,00,00,00,00,00,20,00,00,00,00,00,00,00-00,00,00,00,00,20,00,00,00,00,00,00,00,00,00,00,00,00,00,00,00,00,00,00,00-00,00,00,00,00,00,00,00,00,00,00,00,00,00,20,00,00,00,10,00,20,00,00,00,00-00,00,00,00,00,00,00,00,00,00,20,00,00,00,30,00,00,00,00,00,00,00,00,20,30-30,00,00,00,00,00,00,00,00,00,30,20,00,00,00,00,00,00,00,00,00,00,00,00,00-00,00,00,00,00,00,00,00,00,00,00,00,00,00,00,00,00,00,00,00,00,00,00,00,00
627,627,627,627,627,627,627,627,627,627,627,627,627,627,627,627,627,627,627,627,627,627,627,627,627-627,627,627,627,627,627,627,627,627,627,627,627,627,627,627,627,627,627,627,627,627,627,627,627,627-627,627,627,627,627,627,627,627,627,627,627,627,627,627,627,627,627,627,627,627,627,627,627,627,627-627,627,627,627,627,627,627,627,627,627,627,627,627,627,627,627,627,627,627,627,627,627,627,627,627-627,627,627,627,627,627,627,627,627,627,627,627,627,627,627,627,627,627,627,627,627,627,627,627,627-627,627,627,627,627,627,627,627,627,627,627,627,627,627,627,627,627,627,627,627,627,627,627,627,627-627,627,627,627,627,627,627,627,627,627,627,627,627,627,627,627,627,627,627,627,627,627,627,627,627-628,628,628,628,630,627,627,627,627,0350,1350,2350,3350,4350,5350,6350,7350,627,627,627,627,627,730,628,628-0,0,0,0,528,628,630,627,627,0351,1351,2351,3351,4351,5351,6351,7351,627,627,627,730,628,728,0,0-0,0,0,0,0,0,528,628,628,0352,1352,2352,3352,4352,5352,6352,7352,628,628,628,728,0,0,0,0-0,0,0,0,0,0,0,0,0,0,0,0,0,0,0,0,0,0,0,0,0,0,0,0,0-0,0,0,0,0,0,0,0,0,0,0,0,0,0,0,0,0,0,0,0,0,0,0,0,0-0,0,0,0,0,0,0,0,0,0,0,0,0,0,0,0,0,0,0,0,0,0,0,0,0-0,0,0,0,0,0,0,0,0,0,0,0,0,0,0,0,0,0,0,0,0,0,0,0,0-0,0,0,0,0,0,0,0,0,0,0,0,60,70,0,0,0,0,0,0,0,0,0,0,0-0,0,0,0,0,0,0,0,0,0,0,0,61,71,0,0,0,0,0,0,0,0,0,0,0-60,70,0,0,0,0,0,0,0,0,60,70,62,72,0,0,0,0,0,0,0,0,0,0,0-61,71,0,0,0,0,0,0,0,0,61,71,61,71,60,70,0,0,0,0,0,0,0,0,0-62,72,0,0,0,0,0,0,60,70,62,72,62,72,61,71,60,70,60,70,0,0,0,0,0-61,71,60,70,0,0,60,70,61,71,61,71,61,71,62,72,61,71,61,71,60,70,60,70,0-62,72,61,71,60,70,61,71,62,72,62,72,62,72,61,71,62,72,62,72,61,71,61,71,60-61,71,62,72,61,71,62,72,61,71,61,71,61,71,62,72,61,71,61,71,62,72,62,72,61-62,72,61,71,62,72,61,71,62,72,62,72,62,72,61,71,62,72,62,72,61,71,61,71,62-61,71,62,72,61,71,62,72,61,71,61,71,61,71,62,72,61,71,61,71,62,72,62,72,61-62,72,61,71,62,72,61,71,62,72,62,72,62,72,61,71,62,72,62,72,61,71,61,71,62
false
9
-2
kevin
</mapData>

















