<mapData>
9x0
00,00,00,00,00,00,00,00,00,00,00,00,00,00,00,00,00,30,00,00,00,00,00,00,00-00,00,00,00,00,00,30,00,00,00,00,00,00,00,00,00,00,00,20,00,00,20,00,00,00-00,00,00,00,00,00,00,00,00,00,00,00,00,00,00,00,00,00,00,00,00,10,00,00,00-00,00,00,10,00,00,00,00,00,00,00,00,00,30,00,00,00,00,00,00,00,00,00,00,00-00,00,00,00,00,00,00,30,00,00,00,00,00,00,00,00,00,10,00,00,00,00,00,30,00-00,00,00,00,00,00,00,00,00,00,00,00,00,00,00,00,00,00,00,00,00,10,00,00,00-00,00,00,00,00,00,00,00,00,00,00,00,00,00,00,00,00,00,00,00,00,00,30,00,00-00,00,00,00,00,00,20,00,00,00,20,00,00,00,00,00,00,00,10,00,00,00,00,00,00-00,00,00,00,00,00,00,00,00,00,00,00,00,00,00,00,00,00,00,00,00,00,00,00,00-00,00,00,00,00,00,00,00,00,00,00,00,00,00,00,30,00,00,00,00,20,00,00,00,00-00,00,00,00,00,00,00,00,00,00,00,00,00,00,10,30,00,00,00,00,00,00,00,00,00-00,00,00,00,00,00,00,00,00,00,20,00,00,00,00,00,00,00,00,00,20,00,00,00,00-00,00,00,00,00,00,00,30,00,00,00,00,00,00,00,00,00,00,00,00,00,00,00,00,00-00,00,00,00,00,00,10,00,00,00,00,00,00,00,00,00,20,00,00,00,10,00,00,10,00-00,00,00,00,00,00,00,00,00,00,10,00,00,00,00,00,00,00,00,00,00,00,00,00,30-00,00,00,00,20,00,10,00,00,00,00,00,00,00,00,20,00,00,00,20,00,00,10,00,10-00,00,20,00,00,20,20,00,00,00,00,30,00,00,00,00,00,00,00,00,00,00,00,00,00-00,00,00,00,00,00,00,00,00,00,00,20,00,00,00,00,10,00,20,00,00,20,00,00,00-10,00,00,00,00,00,20,00,00,00,00,30,00,00,00,00,30,00,00,00,00,00,00,00,00-00,20,00,00,00,00,00,20,00,00,00,00,00,00,00,00,00,00,00,00,00,20,00,00,00-00,00,00,20,00,00,20,00,00,10,00,00,00,00,00,00,30,00,20,00,00,00,00,00,00-00,00,00,00,00,00,00,00,20,00,00,00,00,00,00,00,00,00,00,00,00,30,00,00,00-00,00,00,00,00,00,00,00,00,00,00,00,00,00,00,00,00,00,00,00,00,00,00,00,00-00,00,00,00,00,00,00,00,00,00,00,00,00,00,00,00,00,00,20,00,00,00,00,00,00-00,00,00,20,00,00,00,00,00,20,00,00,00,00,00,00,00,00,00,30,00,00,00,00,00
0,0,0,0,0,0,0,0,2230,0,0,0,0,0,0,0,0,5333,0,0,0,0,0,0,0-0,0,0,320,320,0,0,0,2230,0,0,0,0,0,0,0,0,5333,0,0,0,0,0,0,0-0,0,320,321,321,0,0,0,2230,0,0,0,0,0,0,0,0,5333,0,0,0,0,0,0,0-0,320,321,322,322,0,0,0,2230,0,0,0,0,0,0,0,0,5333,0,0,0,0,0,0,0-0,321,322,322,322,0,0,0,1332,5332,0,0,0,0,0,0,0,5333,0,0,0,0,0,0,0-320,322,322,322,422,0,0,0,320,2230,0,0,0,0,0,0,0,5333,0,0,0,0,0,0,0-321,322,322,422,0,0,0,320,321,2230,0,0,0,0,0,0,0,5333,0,0,0,0,0,0,0-322,322,322,0,0,0,320,321,322,2230,0,0,0,0,0,0,0,5333,0,0,0,0,0,0,0-322,322,422,0,0,320,321,322,322,2230,0,0,0,0,0,0,0,5333,0,0,0,0,0,0,0-322,322,0,0,320,321,322,322,322,1332,5332,0,0,0,0,0,0,5333,0,0,0,0,0,0,0-322,322,0,0,321,322,322,322,322,0,2230,0,0,0,0,0,0,5333,0,0,0,0,0,0,0-422,322,0,320,322,322,322,322,322,0,2230,0,0,0,0,0,0,5333,0,0,0,0,0,0,0-0,322,0,321,322,322,322,322,422,0,2230,0,0,0,0,0,0,1332,4332,4332,5332,0,0,0,0-0,322,0,322,322,322,322,322,0,0,2230,0,0,0,0,0,0,0,0,0,5333,0,0,0,0-0,322,0,322,322,322,322,422,0,0,2230,0,0,0,0,0,0,0,0,0,5333,0,0,0,0-0,322,0,322,322,322,422,0,320,0,1332,5332,0,0,0,0,0,0,0,0,5333,0,0,0,0-0,322,0,422,422,422,0,320,321,0,0,2230,0,0,0,0,0,0,0,0,5333,0,0,0,0-320,322,320,0,0,0,0,321,322,320,0,2230,0,0,0,0,0,0,0,0,5333,0,0,0,0-321,322,321,320,0,0,0,322,322,321,320,2230,0,0,0,0,0,0,0,0,5333,0,0,0,0-322,322,322,321,320,0,0,422,322,322,321,2230,0,0,0,0,0,0,0,0,5333,0,0,0,0-322,322,322,322,321,320,0,0,422,322,322,2230,0,0,0,0,0,0,0,0,5333,0,0,0,0-422,422,322,322,322,321,0,0,0,322,322,2230,0,0,0,0,0,0,0,0,5333,0,0,0,0-0,0,422,422,322,322,0,0,0,322,322,2230,0,0,0,0,0,0,0,0,5333,0,0,0,0-0,0,0,0,422,422,0,0,0,422,322,2230,0,0,0,0,0,0,0,0,5333,0,0,0,0-0,0,0,0,0,0,0,0,0,0,322,2230,0,0,0,0,0,0,0,0,5333,0,0,0,0
false
9
0
kevin
</mapData>















