<mapData>
9x1
00,00,00,00,00,00,00,00,00,00,00,00,00,00,00,00,00,00,00,00,00,00,30,00,00-00,00,00,00,00,00,00,00,00,00,00,00,00,00,00,00,00,30,00,00,00,00,00,30,00-00,00,00,00,00,00,00,00,00,00,20,00,00,00,00,00,00,00,00,00,00,00,00,00,00-00,00,00,00,00,00,00,00,30,00,00,00,00,00,00,00,00,00,00,00,00,00,00,00,00-30,00,00,00,20,00,10,20,00,00,00,00,00,00,00,30,00,20,00,00,00,00,00,00,00-00,00,00,00,00,00,00,00,00,00,00,10,00,00,00,00,00,00,00,00,00,00,00,00,00-30,00,00,00,00,00,00,00,00,00,00,00,00,00,00,00,00,00,00,00,00,00,10,00,00-00,00,00,00,00,00,00,00,00,20,00,00,00,00,00,00,00,00,00,00,00,00,00,00,00-00,00,00,00,00,00,00,00,00,00,20,00,00,00,20,00,00,00,30,00,00,20,10,20,00-00,00,00,00,20,00,10,00,30,00,00,00,00,00,00,00,10,00,00,00,00,00,00,00,00-30,00,00,00,00,00,00,00,00,00,00,00,00,00,00,00,30,00,00,00,00,00,00,30,00-00,00,00,00,00,00,00,00,00,00,00,00,00,00,30,00,00,00,00,00,00,00,00,00,00-00,00,00,10,00,00,00,00,00,00,00,00,00,00,00,00,00,00,00,20,00,00,00,00,00-20,00,00,00,00,00,00,00,00,00,00,00,00,00,20,30,10,00,00,00,00,00,10,00,00-20,00,00,00,00,00,00,00,00,00,00,00,00,00,00,00,00,00,20,00,00,00,20,00,00-00,10,00,00,00,00,00,10,00,00,00,00,00,00,00,00,10,00,00,00,00,10,00,00,00-10,10,00,00,00,00,00,00,00,00,00,00,00,00,00,00,00,00,00,00,00,00,00,00,20-00,00,20,00,00,00,00,10,00,00,00,00,00,00,00,00,00,00,00,20,30,00,00,00,00-00,30,00,00,00,00,30,00,00,00,00,00,00,00,00,00,00,00,00,00,30,00,00,00,00-00,00,00,00,00,00,00,00,00,00,00,00,00,20,00,00,00,00,00,00,00,00,00,00,00-00,00,00,00,20,30,00,00,00,00,00,00,00,00,00,00,00,00,00,00,00,00,00,20,00-00,00,00,00,00,30,00,00,20,00,00,00,00,00,00,00,00,00,00,00,00,00,00,00,00-00,00,00,20,00,00,00,00,00,00,00,00,00,00,00,00,30,00,00,00,00,00,00,00,00-00,00,00,00,00,00,10,00,00,00,00,00,00,00,20,00,00,00,00,00,00,00,00,00,00-00,00,00,00,00,10,00,00,00,00,00,00,00,00,00,00,10,00,20,00,10,10,00,00,00
0,0,0,0,0,0,0,0,0,0,0,0,0,0,0,0,0,0,0,0,5333,0,0,0,0-0,0,0,0,0,0,0,0,0,0,0,0,0,0,0,0,0,0,0,0,5333,0,0,0,0-0,0,0,0,0,0,0,0,0,0,0,0,0,0,0,0,0,0,0,0,5333,0,0,0,0-0,0,0,0,0,0,0,0,0,0,0,0,0,0,0,0,0,0,0,0,5333,0,0,0,0-0,0,0,0,0,0,0,0,0,0,0,0,0,0,0,0,0,0,0,0,5333,0,0,0,0-0,0,0,0,0,0,0,0,0,0,0,0,0,0,0,0,0,0,0,0,5333,0,0,0,0-0,0,0,0,0,0,0,0,0,0,0,0,0,0,0,0,0,0,0,0,5333,0,0,0,0-0,0,0,0,0,0,0,0,0,0,0,0,0,0,0,0,0,0,0,0,5333,0,0,0,0-0,0,0,0,0,0,0,0,0,0,0,0,0,0,0,0,0,0,0,0,5333,0,0,0,0-0,0,0,0,0,0,0,0,0,0,0,0,0,0,0,0,0,0,0,0,5333,0,0,0,0-0,0,0,0,0,0,0,0,0,0,0,0,0,0,0,0,0,0,0,0,5333,0,0,0,0-0,0,0,0,0,0,0,0,0,0,0,0,0,0,0,0,0,0,0,0,5333,0,0,0,0-0,0,0,0,0,0,0,0,0,0,0,0,0,0,0,0,0,0,0,0,5333,0,0,0,0-0,0,0,0,0,0,0,0,0,0,0,0,0,0,0,0,0,0,0,0,5333,0,0,0,0-0,0,0,0,0,0,0,0,0,0,0,0,0,0,0,0,0,0,0,0,5333,0,0,0,0-0,0,0,0,0,0,0,0,0,0,0,0,0,0,0,0,0,0,0,0,5333,0,0,0,0-0,0,0,0,0,0,0,0,0,0,0,0,0,0,0,0,0,0,0,0,5333,0,0,0,0-0,0,0,0,0,0,0,0,0,0,0,0,0,0,0,0,0,0,0,0,5333,0,0,0,0-0,0,0,0,0,0,0,0,0,0,0,0,0,0,0,0,0,0,0,0,5333,0,0,0,0-0,0,0,0,0,0,0,0,0,0,0,0,0,0,0,0,0,0,0,0,5333,0,0,0,0-0,0,0,0,0,0,0,0,0,0,0,0,0,0,0,0,0,0,0,0,5333,0,0,0,0-0,0,0,0,0,0,0,0,0,0,0,0,0,0,0,0,0,0,0,0,5333,0,0,0,0-0,0,0,0,0,0,0,0,0,0,0,0,0,0,0,0,0,0,0,0,5333,0,0,0,0-0,0,0,0,0,0,0,0,0,0,0,0,0,0,0,0,0,0,0,0,5333,0,0,0,0-0,0,0,0,0,0,0,0,0,0,0,0,0,0,0,0,0,0,0,0,5333,0,0,0,0
false
9
1
kevin
</mapData>








