<mapData>
9x2
00,00,00,00,00,20,00,00,00,00,00,00,00,00,00,00,30,00,00,00,00,30,00,00,00-10,00,00,00,00,00,00,00,00,00,00,00,00,00,00,00,00,00,00,00,00,00,00,00,00-00,00,00,00,30,00,00,00,00,00,00,00,00,00,00,00,00,00,00,00,00,00,00,00,00-00,30,00,00,00,00,00,20,00,00,00,00,00,00,00,20,00,00,00,00,00,00,00,00,30-00,20,00,00,00,30,00,00,30,00,00,00,20,10,00,00,00,00,00,20,00,00,00,00,00-00,00,00,00,00,00,20,30,00,00,00,00,00,00,30,00,00,00,00,00,00,00,00,00,00-00,00,00,00,10,00,30,00,00,00,00,00,00,00,00,00,00,00,00,10,00,00,10,00,00-00,00,00,00,00,00,00,00,10,00,10,00,00,00,00,00,00,00,00,00,00,00,00,00,00-00,00,00,00,00,00,00,00,30,00,00,00,00,00,00,00,20,00,00,00,00,00,00,00,00-00,00,00,00,00,00,00,00,00,00,00,00,00,10,00,00,00,00,00,00,00,00,00,00,00-00,00,00,00,00,00,00,00,00,00,00,00,00,00,00,00,00,00,00,00,00,20,00,00,00-00,00,00,00,00,00,00,00,00,00,00,00,00,30,00,00,00,20,00,00,00,00,00,00,00-00,00,00,00,00,00,00,10,00,00,00,00,00,00,00,10,00,00,00,00,00,00,00,00,00-00,00,00,00,00,00,00,00,20,00,00,00,00,00,00,00,00,20,00,00,00,00,00,00,00-00,00,00,00,00,00,00,00,00,00,00,00,00,00,00,00,00,00,00,00,00,00,00,00,10-00,00,00,00,00,00,00,00,00,10,00,00,00,20,00,00,00,00,00,00,20,00,00,00,00-00,30,00,00,00,00,00,00,00,00,20,00,00,00,00,00,00,00,10,00,00,00,00,00,00-10,00,00,00,00,00,00,00,00,00,00,20,00,00,00,00,00,00,00,00,00,00,00,00,00-00,00,00,00,00,00,00,00,00,00,00,00,00,00,10,00,00,00,00,00,00,00,00,00,00-00,00,00,00,00,00,00,00,00,00,00,00,00,00,00,30,00,00,00,00,00,00,00,00,00-00,20,00,00,00,00,00,00,00,00,00,00,00,00,00,00,00,00,00,00,00,00,00,00,00-00,00,00,00,00,00,00,00,00,00,00,00,00,00,20,00,00,00,00,30,00,00,00,00,00-00,00,00,00,00,00,20,00,00,00,10,00,00,10,00,00,20,00,00,00,00,00,00,00,00-00,00,20,00,00,00,00,00,00,00,00,10,00,00,00,00,00,00,00,00,10,00,00,00,00-00,00,00,00,00,30,00,10,00,00,00,00,00,00,20,00,00,00,20,00,00,00,00,00,00
322,322,322,322,322,322,0,0,0,0,0,0,0,0,0,0,0,0,0,0,5333,0,0,0,0-322,322,322,322,322,322,0,0,0,0,0,0,0,0,0,0,0,0,0,0,5333,0,0,0,0-322,322,322,322,322,322,0,0,0,0,0,0,0,0,0,0,0,0,0,0,5333,0,0,0,0-322,322,322,322,322,322,0,0,0,0,0,0,0,0,0,0,0,0,0,0,5333,0,0,0,0-322,322,322,322,322,322,0,0,0,0,0,0,0,0,0,0,0,0,0,7334,5334,0,0,0,0-322,322,322,322,322,322,0,0,0,0,0,0,0,0,0,0,0,7334,4334,5334,0,0,0,0,0-322,322,322,322,422,422,0,0,0,0,0,0,0,0,0,0,7334,5334,0,0,0,0,0,0,0-322,322,322,422,0,0,0,0,0,0,0,0,0,0,0,7334,5334,0,0,0,0,0,0,0,0-322,322,322,0,0,0,0,0,0,0,0,0,0,0,7334,5334,0,0,0,0,0,0,0,0,0-322,322,322,0,0,0,0,0,0,0,0,0,0,0,5333,0,0,0,0,0,0,0,0,0,0-322,322,322,0,0,0,0,0,0,0,0,0,0,7334,5334,0,0,0,0,0,0,0,0,0,0-322,322,322,0,0,0,0,0,0,0,0,0,0,5333,0,0,0,0,0,0,0,0,0,0,0-322,322,322,0,0,0,0,0,0,0,0,0,0,5333,0,0,0,0,0,0,0,0,0,0,0-322,322,322,0,0,0,0,0,0,0,0,0,7334,5334,0,0,0,0,0,0,0,0,0,0,0-322,322,322,0,0,0,0,0,0,0,0,0,5333,0,0,0,0,0,0,0,0,0,0,0,0-322,322,322,0,0,0,0,0,0,0,0,0,5333,0,0,0,0,0,0,0,0,0,0,0,0-322,322,422,0,0,0,0,0,0,7334,4334,4334,5334,0,0,0,0,0,0,0,0,0,0,0,0-422,422,0,0,0,0,7334,4334,4334,5334,0,0,0,0,0,0,0,0,0,0,0,0,0,0,0-4334,4334,4334,4334,4334,4334,5334,0,0,0,0,0,0,0,0,0,0,0,0,0,0,0,0,0,0-0,0,0,0,0,0,0,0,0,0,0,0,0,0,0,0,0,0,0,0,0,0,0,0,0-0,0,0,0,0,0,0,0,0,0,0,0,0,0,0,0,0,0,0,0,0,0,0,0,0-0,0,0,0,0,0,0,0,0,0,0,0,0,0,0,0,0,0,0,0,0,0,0,0,0-0,0,0,0,0,0,0,0,0,0,0,0,0,0,0,0,0,0,0,0,0,0,0,0,0-0,0,0,0,0,0,0,0,0,0,0,0,0,0,0,0,0,0,0,0,0,0,0,0,0-0,0,0,0,0,0,0,0,0,0,0,0,0,0,0,0,0,0,0,0,0,0,0,0,0
false
9
2
kevin
</mapData>











