<mapData>
9x3
00,30,00,00,00,00,10,00,00,00,00,30,00,00,00,00,00,00,00,00,00,00,00,00,00-00,00,00,00,00,00,00,00,00,00,00,00,00,00,00,00,30,00,00,00,10,00,00,00,00-00,00,00,00,00,00,00,00,00,00,00,00,00,00,00,00,00,00,00,00,00,00,00,00,00-00,00,00,00,00,00,00,00,00,20,20,00,00,30,00,00,00,00,00,00,00,00,20,00,00-00,00,00,00,00,00,00,00,00,00,00,00,00,00,20,00,00,00,00,00,00,00,00,00,00-00,00,00,00,00,00,00,00,00,00,00,00,00,00,00,00,00,00,00,00,00,00,00,00,00-00,00,00,00,00,10,00,00,00,00,00,00,00,00,00,00,00,00,00,00,00,00,00,00,00-00,00,00,20,00,00,00,00,00,00,00,00,00,00,00,00,00,00,00,00,00,20,00,00,30-00,00,00,00,00,00,00,00,00,00,00,00,30,00,00,00,00,00,00,00,00,10,00,00,00-00,20,00,00,00,00,00,30,00,00,00,00,00,00,00,00,00,00,00,00,00,00,00,00,00-00,00,00,00,00,00,00,00,00,00,00,00,00,00,00,00,00,00,00,00,00,00,00,00,00-20,00,00,00,00,00,00,00,00,00,00,00,20,00,00,00,00,00,00,00,00,00,00,00,00-00,00,00,00,00,00,00,00,00,00,10,00,00,00,00,00,00,00,00,00,00,00,00,00,00-30,00,00,00,00,00,00,00,00,00,00,00,00,00,00,00,00,00,00,00,00,00,00,00,00-00,00,00,10,00,00,00,00,00,00,00,00,00,00,00,00,00,00,00,00,00,00,00,00,00-00,00,00,00,00,00,00,00,00,00,00,20,00,00,00,00,00,00,00,00,00,00,00,00,00-20,00,00,00,00,00,00,00,00,10,00,00,00,00,20,00,00,00,00,00,00,00,00,00,00-00,00,00,00,00,00,00,00,00,00,00,00,00,00,00,10,00,00,00,00,00,30,00,00,00-00,00,00,00,00,00,00,00,00,20,00,00,00,00,00,00,20,10,00,00,00,00,00,00,00-00,00,00,00,00,00,00,00,00,10,00,00,00,00,00,00,00,00,00,00,00,00,00,00,00-00,10,00,00,00,00,00,00,00,00,00,00,00,00,20,00,00,00,00,00,00,00,00,00,02-00,00,00,00,00,00,00,00,30,00,00,00,00,00,00,00,00,00,00,00,00,00,00,02,34-00,00,00,00,00,00,00,00,00,00,00,00,00,10,00,00,00,00,00,00,00,02,12,34,13-00,00,00,00,00,20,00,00,00,00,00,10,00,00,00,00,00,02,12,12,12,34,13,13,13-00,00,00,00,00,00,00,00,00,10,00,00,00,00,00,02,12,34,13,13,13,13,13,13,13
50,61,71,61,71,62,72,62,72,61,71,61,71,62,72,61,71,62,72,61,71,61,71,62,72-51,62,72,62,72,61,71,61,71,62,72,62,72,61,71,62,72,61,71,62,72,62,72,61,71-52,61,71,61,71,42,52,42,52,61,71,61,71,62,72,61,71,62,72,61,71,61,71,42,52-0,42,52,42,52,0,0,0,0,42,52,42,52,61,71,62,72,61,71,42,52,42,52,0,0-0,0,024,0,0,0,0,0,0,0,0,0,0,42,52,61,71,42,52,0,0,0,425,0,0-0,0,024,0,5197,6197,7197,0,0,0,0200,1200,2200,3200,4200,42,52,053,153,253,0,0,425,0,0-0,0,024,0,5198,6198,7198,0,0,0,0201,1201,2201,3201,4201,0,0,0,0,0,0,0,425,0,0-0,0,024,0,5197,6197,7197,0,0,0,0202,1202,2202,3202,4202,0,0,150,250,350,0,0,425,0,0-0,0,024,0,5198,6198,7198,0,0,0,0203,1203,2203,3203,4203,0,0,151,251,351,0,0,425,0,0-0,0,024,0,5197,6197,7197,0,0,0,0,0,0,0,0,0,0,052,152,252,0,0,425,0,0-0,0,024,0,5198,6198,7198,0,0,1128,0,0,0,0,0,0,0,053,153,253,0,0,425,0,0-0,0,024,0,0,0,0,0,0,1129,0,0,0,0,0,0,0,0,0,0,0,0,425,0,0-0,0,024,0,0,0,0,0,0,0,0,0,0,0,0,0,0,0,0,0,0,0,425,0,0-0,0,625,023,023,023,023,023,023,023,023,023,0,023,023,023,023,023,023,023,023,023,725,0,0-0,0,0,0,0,0,0,0,0,0,0,0,0,0,0,0,0,0,0,0,0,0,0,0,0-0,0,0,0,0,0,0,0,0,0,0,0,0,0,0,0,0,0,0,0,0,0,0,0,0-0,0,0,0,0,0,0,0,0,0,0,0,0,0,0,0,0,0,0,0,0,0,0,0,0-0,0,0,0,0,0,0,0,0,0,0,0,0,0,0,0,0,0,0,0,0,0,0,0,0-0,0,0,0,0,0,0,0,0,0,0,0,0,0,0,0,0,0,0,0,0,0,0,0,0-0,0,0,0,0,0,0,0,0,0,0,0,0,0,0,0,0,0,0,0,0,0,0,0,0-0,0,0,0,0,0,0,0,0,0,0,0,0,0,0,0,0,0,0,0,0,0,0,0,0-0,0,0,0,0,0,0,0,0,0,0,0,0,0,0,0,0,0,0,0,0,0,0,0,0-0,0,0,0,0,0,0,0,0,0,0,0,0,0,0,0,0,0,0,0,0,0,0,0,0-0,0,0,0,0,0,0,0,0,0,0,0,0,0,0,0,0,0,0,0,0,0,0,0,0-0,0,0,0,0,0,0,0,0,0,0,0,0,0,0,0,0,0,0,0,0,0,0,0,0
false
9
3
kevin
</mapData>

















