<mapData>
9x6
30,00,00,00,00,10,20,00,10,00,00,00,00,00,00,00,00,00,00,20,00,00,30,00,00-00,00,00,30,00,00,00,00,00,00,00,00,30,00,00,00,10,00,00,00,00,00,00,00,10-00,10,00,00,00,00,00,00,00,00,00,00,00,00,00,00,30,00,00,00,00,00,00,00,00-10,00,00,00,00,00,00,00,00,00,00,00,00,00,10,00,00,00,00,00,00,00,20,00,00-00,00,00,00,30,00,00,00,00,00,00,00,00,00,00,00,00,00,00,30,00,00,00,00,00-00,00,00,00,00,00,00,00,00,00,00,00,00,00,00,00,00,00,20,00,00,00,00,00,00-00,00,00,00,00,20,00,00,10,00,20,00,00,00,00,20,00,00,00,00,00,00,30,00,10-10,00,10,00,00,00,00,00,00,00,00,00,00,00,00,00,00,10,00,00,00,00,00,00,00-20,00,00,00,00,00,00,00,00,00,00,00,20,00,00,00,00,00,20,00,00,00,00,00,00-00,30,00,00,00,00,00,00,00,00,00,00,00,00,00,00,00,00,00,00,00,00,00,00,00-00,00,00,00,00,00,00,00,00,20,00,00,00,00,30,00,00,00,10,00,10,00,00,00,00-00,30,00,00,00,00,30,00,00,00,00,00,00,00,00,00,00,30,00,00,00,00,00,00,00-00,00,00,00,00,00,00,00,00,00,00,00,00,00,00,00,00,00,00,20,00,00,00,00,00-00,00,00,00,00,00,00,00,00,30,00,00,00,00,00,00,00,00,00,00,00,00,00,00,00-00,00,00,00,00,00,00,00,00,00,00,20,00,00,00,20,00,00,00,00,00,00,00,00,00-00,00,00,00,00,00,00,00,00,00,00,00,00,00,00,10,00,00,00,00,00,00,00,00,00-20,00,00,00,00,00,00,00,00,00,00,00,00,00,00,00,10,00,00,00,00,00,00,00,00-00,00,00,00,00,00,00,00,00,00,00,00,30,00,00,00,00,00,00,00,00,00,00,00,30-30,00,00,00,00,00,10,20,00,00,00,00,00,00,00,00,00,10,00,00,00,00,00,20,00-00,00,00,00,00,00,10,00,00,00,00,00,00,00,00,00,00,00,00,00,00,00,00,30,00-10,00,00,00,00,00,00,00,00,00,00,00,00,00,00,00,00,00,00,00,00,00,00,00,00-00,00,00,00,00,00,30,00,00,00,00,00,00,00,00,00,00,00,00,00,30,00,00,00,00-30,00,00,00,00,00,00,00,00,00,00,00,10,00,00,00,00,00,00,00,10,20,00,00,00-00,00,00,00,00,00,00,00,20,10,00,00,20,00,00,00,00,00,00,00,00,10,00,00,30-00,30,00,00,00,00,00,00,00,00,00,00,00,00,00,00,10,00,00,20,00,00,30,00,00
0,0,0,0,0,0,0,0,0,0,0,0,0,0,0,0,0,527,627,627,627,627,627,627,627-0,0,0,0,0,0,0,0,0,0,0,0,0,0,0,0,0,527,627,627,627,627,627,627,627-0,0,0,0,0,0,0,0,0,0,0,0,0,0,0,0,0,527,627,627,627,627,627,627,627-0,0,0,0,0,0,0,0,0,0,0,0,0,0,0,0,0,527,627,627,627,627,627,627,627-0,0,0,0,0,0,0,0,0,0,0,0,0,0,0,0,526,627,627,627,627,627,627,627,627-0,0,0,0,0,0,0,0,0,0,0,0,0,0,0,0,527,627,627,627,627,627,627,627,627-0,0,0,0,0,0,0,0,0,0,0,0,0,0,0,0,527,627,627,627,627,627,627,627,627-0,0,0,0,0,0,0,0,0,0,0,0,0,0,0,0,527,627,627,627,627,627,627,627,627-0,0,0,0,0,0,0,0,0,0,0,0,0,0,0,526,627,627,627,627,627,627,627,627,627-0,0,0,0,0,0,0,0,0,0,0,0,0,0,0,527,627,627,627,627,627,627,627,627,627-0,0,0,0,0,0,0,0,0,0,0,0,0,0,0,527,627,627,627,627,627,627,627,627,627-0,0,0,0,0,0,0,0,0,0,0,0,0,0,0,527,627,627,627,627,627,627,627,627,627-0,0,0,0,0,0,0,0,0,0,0,0,0,0,0,527,627,627,627,627,627,627,627,627,627-0,0,0,0,0,0,0,0,0,0,0,0,0,0,0,527,627,627,627,627,627,627,627,627,627-0,0,0,0,0,0,0,0,0,0,0,0,0,0,0,527,627,627,627,627,627,627,627,627,627-0,0,0,0,0,0,0,0,0,0,0,0,0,0,0,527,627,627,627,627,627,627,627,627,627-0,0,0,0,0,0,0,0,0,0,0,0,0,0,0,527,627,627,627,627,627,627,627,627,627-0,0,0,0,0,0,0,0,0,0,0,0,0,0,0,527,627,627,627,627,627,627,627,627,627-0,0,0,0,0,0,0,0,0,0,0,0,0,0,0,527,627,627,627,627,627,627,627,627,627-0,0,0,0,0,0,0,0,0,0,0,0,0,0,0,527,627,627,627,627,627,627,627,627,627-0,0,0,0,0,0,0,0,0,0,0,0,0,0,0,527,627,627,627,627,627,627,627,627,627-0,0,0,0,0,0,0,0,0,0,0,0,0,0,0,527,627,627,627,627,627,627,627,627,627-0,0,0,0,0,0,0,0,0,0,0,0,0,0,0,527,627,627,627,627,627,627,627,627,627-0,0,0,0,0,0,0,0,0,0,0,0,0,0,0,527,627,627,627,627,627,627,627,627,627-0,0,0,0,0,0,0,0,0,0,0,0,0,0,0,527,627,627,627,627,627,627,627,627,627
false
9
6
kevin
</mapData>

















