<mapData>
Blossom_town2
10,10,10,10,03,23,01,01,10,01,10,10,10,10,20,20,20,20,20,20-10,10,10,10,03,23,10,10,10,10,30,10,01,30,10,10,30,10,10,20-10,10,10,30,03,23,30,10,10,10,10,10,01,20,10,10,10,10,10,20-10,10,10,10,03,23,10,10,10,10,10,10,00,10,10,10,30,10,30,20-10,10,10,30,03,23,00,00,00,00,00,00,00,05,16,25,02,12,12,12-10,10,10,10,03,23,00,00,00,00,00,00,00,07,17,27,03,45,14,14-10,10,10,30,03,44,12,12,12,12,12,12,69,69,69,69,34,23,10,20-10,10,30,01,04,14,14,14,14,14,35,45,611,611,611,611,35,23,30,20-10,10,01,01,01,30,10,30,30,30,03,23,01,00,00,00,03,23,30,10-10,10,01,01,30,30,30,30,30,30,03,23,01,30,30,30,03,23,30,10-10,30,01,01,30,30,30,30,30,30,03,23,01,30,30,30,03,23,30,10-10,10,01,10,30,30,30,30,30,30,03,23,30,10,30,30,03,23,30,10-10,00,30,30,30,30,30,30,30,00,03,44,12,12,12,12,34,23,00,00-41,51,30,30,02,13,12,12,12,12,34,45,14,14,14,14,14,24,00,51-40,50,00,00,04,14,14,14,14,14,14,24,00,30,30,10,30,30,00,50-41,51,41,00,30,10,30,30,30,10,30,30,00,00,30,30,30,30,00,51-40,50,40,00,00,00,00,00,00,00,30,00,00,00,00,00,00,00,00,50-41,51,41,51,41,51,41,51,41,51,41,51,41,51,41,51,41,51,41,51-40,50,40,50,40,50,40,50,40,50,40,50,40,50,40,50,40,50,40,50-41,51,41,51,41,51,41,51,41,51,41,51,41,51,41,51,41,51,41,51
40,50,0,0,0,0,0,0,0,0,0,0,0,4232,6232,6232,7232,0,0,0-41,51,0,0,0,0,7277,032,232,31,032,232,0,4233,6233,6233,7233,0,0,0-40,50,0,0,0,0,7277,033,133,132,133,233,0,4234,5234,5234,7234,1128,0,0-41,51,0,0,0,0,7277,034,133,133,133,234,6279,4235,5235,6235,7235,1129,0,0-40,50,0,0,0,0,7277,7277,034,134,234,6279,6280,0,0,5218,0,0,0,0-41,51,0,0,0,0,7278,7278,036,33,0,6281,6281,0,0,0,0,0,0,0-40,50,0,0,0,0,0,0,0,0,0,0,0,0,0,0,0,0,023,023-41,51,0,0,0,0,0,0,0,0,0,0,0,0,0,0,0,0,0,0-40,50,0,0,0,0,0,0,0,0,0,0,0,0277,1277,2277,0,0,0,0-41,51,0,0,0111,1111,1111,1111,4111,0,0,0,0,0278,1278,2278,0,0,0,0-40,50,0,0,0112,1112,1112,1112,4112,0,0,0,0,0279,1279,2279,0,0,0,0-41,51,0,0,0113,1113,1113,1113,4113,0,0,0,43,0280,1280,2280,0,0,0,0-40,50,0,0,0114,1114,2114,3114,4114,7218,0,0,0,0,0,0,0,0,60,70-0,51,0,0,0,0,0,0,0,0,0,0,0,0,0,0,0,0,41,0-0,0,60,70,0,0,0,0,0,0,0,0,60,70,0,0,0,0,40,0-0,0,0,51,0,0,0,0,0,0,0,0,41,51,0,0,0,0,41,0-0,0,0,50,60,70,60,70,60,70,60,70,40,50,60,70,60,70,40,0-0,0,0,0,0,0,0,0,0,0,0,0,0,0,0,0,0,0,0,0-0,0,0,0,0,0,0,0,0,0,0,0,0,0,0,0,0,0,0,0-0,0,0,0,0,0,0,0,0,0,0,0,0,0,0,0,0,0,0,0
false
null
null
kevin
</mapData>














