<mapData>
Blossom_town4
10,10,10,10,10,10,10,10,03,23,10,10,10,10,20,20,20,20,20,20-10,10,10,10,10,10,10,10,03,23,30,10,10,30,10,10,30,10,10,20-10,10,10,30,10,10,30,10,03,23,10,10,10,20,10,10,10,10,10,20-10,10,01,10,10,10,10,10,03,23,10,10,10,10,10,01,01,10,30,20-10,10,01,30,02,12,12,12,34,44,12,12,12,22,10,01,10,10,10,20-10,10,01,10,03,45,14,14,14,14,14,14,35,23,10,10,10,30,10,10-10,10,10,30,03,23,02,12,12,12,12,22,03,23,30,30,30,30,10,20-10,10,30,30,03,23,03,00,13,13,00,23,03,23,30,10,30,30,30,20-10,10,30,30,03,23,03,00,00,13,00,23,03,23,30,30,30,30,30,10-10,10,30,30,03,23,03,00,13,13,00,23,03,23,30,30,30,30,30,10-10,30,30,30,03,23,03,13,13,13,13,23,03,23,30,30,30,10,30,10-10,10,30,10,03,44,12,12,12,12,12,12,34,23,30,30,30,30,30,10-10,30,30,30,04,14,14,14,35,45,14,14,14,24,30,30,30,30,30,10-10,30,30,30,10,30,01,01,03,23,01,10,01,30,30,30,30,30,30,10-10,30,10,30,30,30,01,01,03,23,01,30,30,30,30,10,30,30,30,10-10,30,30,30,02,12,12,12,34,44,12,12,22,30,30,30,30,30,30,10-10,30,30,30,03,45,14,14,14,14,14,35,44,12,12,12,12,12,12,12-10,30,10,30,03,23,01,01,30,30,10,04,14,14,14,14,14,14,14,14-10,30,30,30,03,23,10,30,30,30,30,30,10,01,30,30,30,10,10,10-10,10,10,10,03,23,10,10,10,10,10,10,10,01,01,10,10,10,10,10
40,50,40,50,40,50,40,50,0,0,40,50,40,50,40,50,40,50,40,50-41,51,41,51,41,51,41,51,0,0,41,51,41,51,41,51,41,51,41,51-40,50,42,52,42,52,42,52,0,0,42,52,42,52,42,52,42,52,62,50-41,51,0,0,0,0,0,0,0,0,0,0,0,0,0,0,0,0,41,51-40,50,0,0,0,0,0,0,0,0,0,0,0,0,0,0,0,0,42,52-41,51,0,0,0,0,0,0,0,0,0,0,0,0,0,0,0,0,0,0-40,50,0,0,0,0,227,426,426,426,426,327,0,0,0,0,0,0,0,0-41,51,0,0,0,0,126,0288,1288,1288,2288,026,0,0,0,0,0,0,0,0-40,50,0,0,0,0,126,0289,1289,1289,2289,026,0,0,0,0,4187,4187,4187,7187-41,51,0,0,0,0,126,0290,1290,1290,2290,026,0,0,0,0,4188,6188,6188,7188-40,50,0,0,0,0,127,426,426,426,426,027,0,0,0,0,4189,5189,5189,7189-41,51,0,0,0,0,0,0,0,0,0,0,0,0,0,0,4190,5190,6190,7190-40,50,0,0,0,0,0,0,0,0,0,0,0,0,0,0,0,0,73,0-41,51,0,0,0,0,0,0,0,0,0,0,0,0,0,0,0,0,0,0-40,50,0,0,0,0,0,0,0,0,0,0,0,0,0,0,0,0,0,0-41,51,0,0,0,0,0,0,0,0,0,0,0,0,0,0,0,0,0,0-40,50,0,0,0,0,0,0,0,0,0,0,0,0,0,0,0,0,0,0-41,51,0,0,0,0,0,0,0,0,0,0,0,0,0,0,0,0,0,0-40,50,0,0,0,0,0,0,0,0,0,0,0,0,0,0,023,023,023,023-41,51,0,0,0,0,0,0,0,0,0,0,0,0,0,0,0,0,0,0
false
null
null
</mapData>







