<mapData>
Blossom_town
10,10,10,10,10,10,10,03,23,10,10,10,10,10,20,20,20,20,20,20-10,10,10,10,10,10,10,03,23,10,30,10,10,30,10,10,30,10,10,20-10,10,10,30,10,10,30,631,731,10,10,10,10,20,10,10,10,10,10,20-10,10,10,10,10,10,10,03,23,10,10,10,10,10,10,10,30,10,30,20-12,12,12,12,12,12,12,34,23,00,00,00,10,10,10,10,10,10,10,20-14,14,14,14,35,45,14,14,24,10,10,10,10,10,10,10,10,30,10,10-10,10,10,30,03,23,30,30,30,30,10,30,30,30,00,30,30,30,10,20-10,01,01,00,03,23,30,30,30,30,30,30,30,30,30,10,30,30,30,20-10,10,01,30,03,23,10,30,30,30,30,30,10,30,30,30,30,30,30,10-10,10,01,30,03,23,30,30,30,30,30,30,30,30,30,30,30,30,30,10-10,30,30,30,03,44,12,12,12,12,12,12,13,12,12,22,30,10,30,10-10,10,30,10,04,14,14,14,14,13,14,14,35,45,14,24,30,30,30,10-10,01,30,30,30,30,30,30,30,13,30,30,03,23,30,30,30,30,30,10-01,01,30,30,10,30,30,59,69,69,79,10,03,23,30,30,30,30,30,10-01,01,10,30,30,30,30,610,610,610,710,30,03,23,30,10,30,30,30,10-10,30,30,30,30,10,30,511,611,611,711,30,04,24,30,30,30,30,30,10-10,30,30,30,30,30,30,30,30,30,30,10,30,30,10,30,30,30,30,10-10,30,10,30,30,30,30,30,30,30,10,30,30,30,30,10,30,10,30,72-10,30,30,30,30,30,10,30,30,30,30,30,10,30,30,30,30,30,30,10-10,10,10,10,10,10,10,10,10,10,10,10,10,10,10,10,10,10,10,10
0,0,0,0,3333,0,0,0,0,0,0,0,0,0,0,0,0,0,40,50-0,0,0,0,3333,0,0,0,0,0,0,0,0,0,0,0,0,0,41,51-0,0,0,0,3334,4334,4334,0,0,4334,4334,4334,4334,6334,0,0,0,0,42,52-0,0,0,0,0,0,0,0,0,0,0,0,0,3334,4334,4334,4334,4334,4334,4334-0,0,0,0,0,0,0,0,0,0,0,0,0,0,0,0,0,0,60,70-0,0,0,0,0,0,0,0,0,0,0,0,0,0,0,0,0,0,41,51-023,023,023,724,0,0,0,0,0,0,0,0,0,0,0,63,0,0,40,50-0,0,0,124,0,0,0,0,0,0115,1115,1115,1115,4115,54,64,74,0,41,51-0,0,0,124,0,0,5146,6146,7146,0116,2116,2116,3116,4116,57,67,77,0,40,50-0,0,0,124,0,0,5147,6147,7147,0117,1117,2117,3117,4117,58,68,78,0,41,51-0,0,0,124,0,0,0,0,0,0,0,0,0,0,0,0,0,0,40,72-0,0,0,124,0,0,0,0,0,0,0,0,0,0,0,0,0,0,41,51-0,0,0,124,0,0,624,023,023,0,023,724,0,0,0,0,0,0,40,72-0,0,0,124,0,0,024,0,0,0,0,124,0,0,0,0,0,0,41,51-0,0,0,124,0,0,024,0,0,0,0,124,0,0,60,70,0,0,40,72-0,0,0,224,0,0,324,0,0,0,0,224,0,0,41,51,0,31,41,51-60,70,60,70,60,70,60,70,60,70,60,70,60,70,40,50,60,70,40,50-41,51,41,51,41,51,41,51,41,51,41,51,41,51,41,51,41,51,41,51-40,50,40,50,40,50,40,50,40,50,40,50,40,50,40,50,40,50,40,50-41,51,41,51,41,51,41,51,41,51,41,51,41,51,41,51,41,51,41,51
false
null
null
kevin
</mapData>
<pokemon>
1
50
1
1
</pokemon>


<computerAction>
13
10
yl7cSlh19DvII5p



true
false
false
false
</computerAction>

<recoverAction>
12
10
IWLqrqzfvmarv7j



true
false
false
false
</recoverAction>








