<mapData>
Blossom_town3
41,51,41,51,41,00,41,51,41,51,41,51,41,51,41,51,41,51,41,51-62,50,62,50,62,00,62,50,62,50,40,50,62,50,62,50,62,50,62,50-10,10,10,30,10,00,41,51,41,51,10,10,10,20,10,10,41,51,41,51-00,00,00,00,00,00,00,00,00,00,00,00,00,00,00,00,40,50,62,50-10,10,10,30,10,01,01,01,00,00,00,00,10,10,10,10,00,51,41,51-10,10,10,10,10,10,10,01,00,10,10,10,10,10,10,10,00,00,00,50-10,10,10,30,10,30,30,30,30,30,10,30,30,30,30,30,00,30,00,51-10,10,30,02,12,12,12,22,30,30,30,30,30,30,30,10,00,00,00,50-10,10,30,03,45,14,14,24,30,30,30,30,10,30,30,30,00,00,00,51-10,01,30,03,23,30,30,30,30,30,30,30,30,30,30,00,00,50,62,50-10,01,01,03,23,30,30,30,30,30,30,30,10,30,30,30,00,10,41,51-10,01,01,03,23,30,30,30,30,30,30,30,30,10,30,30,00,00,00,50-10,30,02,34,44,12,12,12,12,12,12,22,30,30,30,30,01,01,00,51-10,30,03,45,14,14,14,35,45,14,14,24,30,30,30,30,30,30,00,50-10,30,03,23,30,01,01,03,23,30,30,30,30,30,30,10,30,30,00,51-10,30,631,731,30,10,01,03,23,10,30,08,18,18,28,30,00,00,00,50-12,12,34,23,30,30,30,03,23,30,30,09,19,19,48,28,00,00,00,51-14,14,14,24,30,30,30,03,23,30,10,09,19,19,19,29,00,50,62,50-10,30,30,30,30,30,10,03,23,30,30,010,110,110,110,210,00,30,41,51-10,10,10,10,10,10,10,03,23,10,10,10,10,10,10,10,00,52,62,50
3333,01,0,0,41,51,0,0,0,0,0,0,0,0,0,0,0,0,0,0-3333,01,0,0,40,50,0,0,0,0,0,0,0,0,0,0,0,0,0,0-3333,01,41,51,41,51,0,0,0,0,41,51,41,51,41,51,0,0,0,0-3333,31,42,52,42,52,42,52,62,50,42,52,42,52,42,52,0,0,0,0-3333,0,0,0,0,0,0,0,41,51,0,0,0,0,0,6217,41,0,0,0-3333,0,0,0,0,0,0,0,42,52,0,0,0,0,6218,7217,42,52,40,0-3333,0,0,0,0,0,0,0,0,0,0,0,0,0,7218,5218,0,0,41,0-3333,0,0,0,0,0,0,0,0,5174,6174,6174,6174,7174,0,0,60,70,40,0-3333,0,0,0,0,0,0,0,0,5175,6175,6175,6175,7175,0,0,41,51,41,0-3333,0,0,0,0,5368,6368,7368,0,3176,6176,6176,6176,7176,0,0,40,0,0,0-3333,0,0,0,0,5369,6369,7369,0,3177,4177,5177,6177,7177,0,0,41,71,0,0-3333,0,0,0,0,5370,6370,7370,0,3178,4178,5178,6178,7178,0,0,42,52,40,0-3333,0,0,0,0,0,0,0,0,0,0,0,6179,7179,0,0,0,0,41,0-3333,0,0,0,0,0,0,0,0,0,0,0,6180,7180,0,0,0,21,40,0-3333,0,0,0,0,0,0,0,0,0,0,0,0,0,0,0,0,0,41,0-3334,1334,0,0,6334,0,0,0,0,0,0,0,0,0,0,0,60,70,40,0-0,0,0,0,3333,0,0,0,0,0,0,0,0,0,0,0,41,71,41,0-0,0,0,0,3333,0,0,0,0,0,0,0,0,0,0,0,40,0,0,0-023,023,023,023,3333,0,0,0,0,0,0,0,0,0,0,0,41,71,0,0-0,0,0,0,3333,0,0,0,0,0,0,0,0,0,0,0,42,0,0,0
false
null
null
kevin
</mapData>




<mapMessage>
12
13
EK10crk0YPRJOO1



true
false
false
false



Hello there :)
</mapMessage>








