<mapData>
Cave entrance1
228,131,131,131,131,131,131,131,328-230,610,610,610,610,610,610,610,030-230,610,610,610,610,610,610,610,030-230,610,610,610,610,610,610,610,030-230,610,610,610,a268,610,610,610,030-230,610,610,610,610,610,610,610,030-230,610,610,610,610,610,610,610,030-230,610,610,610,610,610,610,610,030-129,129,129,a1649,a1650,a1651,129,129,129
0,0,0,0,0,0,0,0,0-0,0,0,0,0,0,0,0,0-0,0,0,0,0,0,0,0,0-0,0,0,0,0,0,0,0,0-0,0,0,0,0,0,0,0,0-0,0,0,0,0,0,0,0,0-0,0,0,0,0,0,0,0,0-0,0,0,0,0,0,0,0,0-0,0,0,a1649,a1650,a1651,0,0,0
false
null
null
kevin
</mapData>
















