7
City of Light 1x1
16,16,16,16,16,16,16,16,16,021,221,16,16,16,16,16,16,16,16,16,16,16,16,16,16-16,16,16,16,16,16,16,16,16,021,221,16,16,16,16,16,16,16,16,16,16,16,16,16,16-16,16,16,16,16,16,16,16,16,021,221,16,16,16,16,16,16,16,16,16,16,16,16,16,16-16,16,16,16,16,16,16,16,16,021,221,16,16,16,16,16,16,16,16,16,16,16,16,16,16-16,16,16,16,16,16,16,16,16,021,221,16,16,16,16,16,16,16,16,16,16,16,16,16,16-16,16,16,16,16,16,16,16,16,021,221,16,16,16,16,16,16,16,16,16,16,16,16,16,16-16,16,16,16,16,16,16,16,16,021,221,16,16,16,16,16,16,16,16,16,16,16,16,16,16-16,16,16,16,16,16,16,16,16,021,221,16,16,16,16,16,16,16,16,16,16,16,16,16,16-16,16,16,16,16,16,16,16,16,021,221,16,16,16,16,16,16,16,121,16,16,16,16,16,16-16,16,16,16,16,16,16,16,16,021,221,16,16,16,16,16,16,16,121,16,16,16,16,16,16-16,16,16,16,16,16,16,16,16,021,221,221,221,221,121,121,121,121,121,121,16,16,16,16,16-16,16,16,16,16,16,16,16,16,021,021,021,021,221,121,121,121,121,121,121,16,16,16,16,16-16,16,16,16,16,16,16,16,16,16,16,16,021,221,16,16,16,16,16,16,16,16,16,16,16-16,16,16,16,16,16,16,16,16,16,16,16,021,221,16,16,16,16,16,16,16,16,16,16,16-16,16,16,121,16,16,16,16,16,16,16,16,021,221,16,16,16,13,13,13,16,16,16,16,16-021,221,021,221,221,221,221,221,221,221,221,221,021,221,13,13,13,13,13,13,13,13,16,16,16-021,021,021,021,021,021,021,021,021,021,021,021,021,221,16,16,13,16,16,16,16,13,16,16,16-16,16,16,16,16,16,16,16,16,16,16,16,021,221,16,16,13,16,16,16,16,13,16,16,16-16,16,16,16,16,16,16,16,16,16,16,16,021,221,16,16,13,16,16,16,16,13,16,16,16-16,16,16,16,16,16,16,16,16,16,16,16,021,221,16,16,13,16,16,16,16,13,16,16,16-16,16,16,16,16,16,16,16,16,16,16,16,021,221,16,16,13,16,16,16,16,13,16,16,16-16,16,16,16,16,16,16,16,16,16,16,16,021,221,16,16,13,13,13,13,13,13,16,16,16-16,16,16,16,16,16,16,16,16,16,16,16,021,221,16,16,16,16,16,16,16,16,16,16,16-16,16,16,16,16,16,16,16,16,16,16,16,021,221,16,16,16,16,16,16,16,16,16,16,16-16,16,16,16,16,16,16,16,16,16,16,16,021,221,16,16,16,16,16,16,16,16,16,16,16
0,0,0,0,00,0,0,0,0,0,0,0,0,0,0,0,0,0,0,0,00,0,0,0,0-0,0,00,00,00,0,0,0,0,0,0,0,0,0,0,0,0,0,0,0,00,00,00,00,00-0,0,00,0,0,0,0,0,0,0,0,0,0,0,0,0,0,0,0,0,0,0,0,00,00-0,0,00,0,0,0,0,0,0,0,0,0,0,0,0,0,0,0,0,0,0,0,0,00,00-0,6372,6366,7366,7372,0,0,0,0,0,0,0,0,0,0,0,041,141,241,341,0,0,0,00,00-0,6372,6367,7367,7372,0,0,0,0,0,0,0,0,0,0,0,042,142,242,342,0,0,0,00,00-0,0,00,0,0,0,0,0,0,0,0,0,0,0,0,0,043,143,243,343,0,0,0,00,00-0,0,00,0,0,0,0,0,0,0,0,0288,1288,2288,00,0,044,144,244,344,0,0,0,00,00-0,0,00,0,0,0,0,0,0,0,0,0289,1289,2289,0,0,0,0,0,0,0,0,0,00,00-0,045,145,245,145,445,0,0,0,0,0,0290,1290,2290,0,0,0,00,00,00,0,0,0,00,00-0,046,146,246,146,446,0,0,0,0,0,0,0,0,0,0,0,00,00,00,0,0,0,00,00-0,047,147,247,147,447,0,0,0,0,0,0,0,0,0,0,0,00,00,00,0,0,0,00,0-0,048,148,248,348,448,0,0,0,0,0,0,0,0,097,199,199,199,199,199,197,0,0,00,0-0,049,149,249,349,449,0,0,0,0,0,1407,0,0,098,0,0,3290,4290,5290,0,0,0,00,0-0,0,00,0,00,00,0,0,0,0,0,2408,0,0,096,0,0,3291,4291,5291,0,0,0,00,0-0,0,00,0,00,00,0,0,0,0,0,0,0,0,00,0,0,0,0,0,0,0,0,00,0-0,0,00,0,0,0,0,0,0,0,0,0,0,0,196,0,0,1252,2252,2252,3252,0,0,00,0-0,0,00,0,0,0,0,5197,6197,7197,0,0,0,0,098,093,193,0254,2253,2253,0253,498,499,00,0-0,00,00,0,0,0,0,5198,6198,7198,0,0,0,0,098,094,0,0254,2253,2254,0253,00,398,00,00-00,00,00,0,0,0,0,0,0,0,0,0,0,00,098,095,00,0254,2253,2253,0253,00,399,00,00-00,00,00,0,0,0,0,0,0,0,0,0,0,00,098,00,00,0255,2255,2255,1255,00,00,00,00-00,00,00,0,0,0,0,0,0,0,0,0,0,0,098,0,0,0,00,00,00,00,00,00,00-00,00,00,0,0,0,0,0,0,0,0,00,00,00,096,0,0,0,00,00,00,00,00,00,00-626,626,626,626,626,626,626,626,626,626,626,726,00,00,526,626,626,626,626,626,626,626,626,626,626-627,627,627,627,627,627,627,627,627,627,627,727,00,00,527,627,627,627,627,627,627,627,627,627,627
false





5
0

