<mapData>
City of Light 4x-1
16,16,16,16,16,16,16,16,16,16,16,16,16,16,16,16,16,16,16,16,16,16,16,16,16-16,16,16,16,16,16,16,16,16,16,16,16,16,16,16,16,16,16,16,16,16,16,16,16,16-16,16,16,16,16,16,16,16,16,16,16,16,16,16,16,16,16,16,16,16,16,16,16,16,16-16,16,10,10,10,10,10,10,10,10,10,10,10,10,10,10,10,10,10,10,16,16,16,16,16-16,16,10,10,10,10,10,10,10,10,10,10,10,10,10,10,10,10,10,10,16,16,16,16,16-16,16,10,10,10,10,10,10,10,10,10,10,10,10,10,10,10,10,10,10,16,16,16,16,16-16,16,10,10,10,10,10,10,10,10,10,10,10,10,10,10,10,10,10,10,16,16,16,16,16-16,16,10,10,10,10,10,10,10,10,10,10,10,10,10,10,10,10,10,10,16,16,16,16,16-16,16,10,10,10,10,10,10,10,10,10,10,10,10,10,10,10,10,10,10,16,16,16,16,16-16,16,10,10,10,10,16,16,16,16,16,16,16,16,16,10,10,10,10,10,16,16,16,16,16-16,16,10,10,10,10,16,16,16,16,16,16,16,16,16,10,10,10,10,10,16,16,16,16,16-16,16,10,10,10,10,16,16,16,16,16,16,16,16,16,10,10,10,10,10,16,16,16,16,16-16,16,10,10,10,10,221,221,221,221,221,221,221,221,221,10,10,10,10,10,16,16,16,16,16-16,16,10,10,10,10,221,221,221,221,221,221,221,221,221,10,10,10,10,10,16,16,16,16,16-16,16,10,10,10,10,10,221,221,221,221,221,221,221,10,10,10,10,10,10,16,16,16,16,16-16,16,10,10,10,10,10,10,221,221,221,221,221,10,10,10,10,10,10,10,16,16,16,16,16-16,16,10,10,10,10,10,10,10,221,221,221,10,10,10,10,10,10,10,10,16,16,16,16,16-16,16,10,10,10,10,10,10,10,221,221,221,10,10,10,10,10,10,10,10,16,16,16,16,16-16,16,10,10,10,10,10,10,10,221,221,221,10,10,10,10,10,10,10,10,16,16,16,16,16-16,16,10,10,10,10,10,10,10,221,221,221,10,10,10,10,10,10,10,10,16,16,16,16,16-16,226,16,16,16,16,16,16,16,221,221,221,16,16,16,16,16,16,16,16,326,16,16,16,16-16,16,16,16,16,16,16,16,16,221,221,221,16,16,16,16,16,16,16,16,16,16,16,16,16-16,16,16,16,16,16,16,16,16,221,221,221,16,16,16,16,16,16,16,16,16,16,16,16,16-16,16,16,16,16,16,16,16,16,221,221,221,16,16,16,16,16,16,16,16,16,16,16,16,16-16,16,16,16,16,16,16,16,16,221,221,221,16,16,16,16,16,16,16,16,16,16,16,16,16
0,0,0,0,0,0,0,0,0,0,0,0,0,0,0,0,0,0,0,0,0,0,0,0,0-0,0,0,0,0,0,0,0,0,0,0,0,0,0,0,0,0,0,0,0,0,0,0,0,0-0,225,426,426,426,426,426,426,426,426,426,426,426,426,426,426,426,426,426,426,325,0,0,0,0-0,026,0,0,0,0,0,0,0,0,0,0,0,0,0,0,0,0,0,0,126,0,0,0,0-0,026,0,0,0,0,0,0,0,0,0,0,0,0,0,0,0,0,0,0,126,0,0,0,0-0,026,0,0,0,0,0,0,0,0,0,0,0,0,0,0,0,0,0,0,126,0,0,0,0-0,026,0,0,0,0,0,0,0,0,0,0,0,0,0,0,0,0,0,0,126,0,0,0,0-0,026,0,0,0,0,1357,2357,3357,4357,5357,6357,7357,0364,1364,2364,0,0,0,0,126,0,0,0,0-0,026,0,0,0,0358,1358,2358,3358,4358,5358,6358,7358,0365,1365,2365,0,0,0,0,126,0,0,0,0-0,026,0,0,0,0359,1359,2359,3359,4359,5359,6359,7359,0366,1366,2366,0,0,0,0,126,0,0,0,0-0,026,0,0,0,0360,1360,2360,3360,4360,5360,6360,7360,0367,1367,2367,0,0,0,0,126,0,0,0,0-0,026,0,0,0,0361,1361,2361,3361,4361,5361,6361,7361,0368,1368,2368,0,0,0,0,126,0,0,0,0-0,026,0,0,0,0362,1362,2362,3362,4362,5362,6362,7362,0369,1369,2369,0,0,0,0,126,0,0,0,0-0,026,0,0,0,0363,1363,2363,3363,4363,5363,6363,7363,0370,1370,2370,0,0,0,0,126,0,0,0,0-0,026,0,0,0,0,0,2364,3364,4364,5364,6364,7364,0,0,0,0,0,0,0,126,0,0,0,0-0,026,0,0,0,0,0,0,0,0,0,0,0,0,0,0,0,0,0,0,126,0,0,0,0-0,026,0,0,60,70,0,0,0,0,0,0,73,0,0,60,70,0,0,0,126,0,0,0,0-0,026,0,0,61,71,0,0,0,0,0,0,0,0,0,61,71,0,0,0,126,0,0,0,0-0,026,0,0,42,52,0,0,0,0,0,0,0,0,0,42,52,0,0,0,126,0,0,0,0-0,026,0,0,0,0,0,0,0,0,0,0,0,0,0,0,0,0,0,0,126,0,0,0,0-0,226,426,426,426,426,426,426,426,0,0,0,426,426,426,426,426,426,426,426,326,0,0,0,0-0,0,0,0,0,0,0,0,0,0,0,0,0,0,0,0,0,0,0,0,0,0,0,0,0-0,0,0,0,0,0,0,0,0,0,0,0,0,0,0,0,0,0,0,0,0,0,0,0,0-0,0,0,0,0,0,0,0,0,0,0,0,0,0,0,0,0,0,0,0,0,0,0,0,0-0,0,0,0,0,0,0,0,0,0,0,0,0,0,0,0,0,0,0,0,0,0,0,0,0
false
4
-1
kevin
</mapData>











