<mapData>
City of Light 4x0
16,16,16,16,16,16,16,16,16,16,115,115,16,16,16,16,16,16,16,16,16,16,16,16,16-16,16,16,16,16,16,16,16,16,16,115,115,16,16,16,16,16,16,16,16,16,16,16,16,16-16,16,16,16,16,16,16,16,16,16,115,115,16,16,16,16,16,16,16,16,16,16,16,16,16-16,16,16,16,16,16,16,16,16,16,115,115,16,16,16,16,16,16,16,16,16,16,16,16,16-16,16,16,16,16,16,16,16,16,16,115,115,16,16,16,16,16,16,16,16,16,16,16,16,16-16,16,16,16,16,16,16,16,16,16,115,115,16,16,16,16,16,16,16,16,16,16,16,16,16-16,16,16,115,115,115,115,115,115,115,115,115,115,115,115,16,16,16,16,16,16,16,16,16,16-16,16,16,115,115,115,115,115,115,115,115,115,115,115,115,115,115,115,115,115,115,115,115,115,115-115,115,115,115,115,16,16,16,16,16,16,16,16,16,115,115,115,115,115,115,115,115,115,115,115-115,115,115,115,115,16,16,16,16,16,16,16,16,16,16,115,115,16,16,16,16,16,16,16,115-16,16,16,16,16,16,16,16,16,16,16,16,16,16,16,115,115,16,16,16,16,16,16,16,16-16,16,16,16,16,16,16,16,16,16,16,16,16,16,16,115,115,16,16,16,16,16,16,16,16-16,16,16,16,16,16,16,16,16,115,115,115,115,115,115,115,115,115,16,16,16,16,16,16,16-16,16,16,16,16,16,16,16,115,115,115,115,115,115,115,115,115,115,115,115,115,16,16,16,16-16,16,16,16,16,16,16,16,115,115,16,16,16,16,16,16,16,115,115,115,115,16,16,16,16-16,115,115,115,16,16,16,16,115,115,16,16,16,16,16,16,16,16,16,16,16,16,16,16,16-16,115,115,115,16,16,16,16,115,115,16,16,16,16,16,16,16,16,16,16,16,16,16,16,16-16,16,115,115,16,16,16,16,115,115,16,16,16,16,16,16,16,16,16,16,16,16,16,16,16-16,16,115,115,16,16,16,16,115,115,16,16,16,16,16,16,16,16,16,16,16,16,16,16,16-16,16,115,115,115,115,115,115,115,115,115,115,115,16,16,16,16,16,16,16,16,16,16,16,16-16,16,115,115,115,115,115,115,115,115,115,115,115,115,115,115,115,115,115,115,115,115,115,115,115-115,115,115,115,16,16,16,16,16,16,16,115,115,115,115,115,115,115,115,115,115,115,115,115,115-115,115,115,115,16,16,16,16,16,16,16,16,16,16,16,16,16,16,16,16,16,16,16,16,16-626,626,626,626,626,626,626,626,626,626,626,626,626,626,626,626,626,626,626,626,626,626,626,626,626-627,627,627,627,627,627,627,627,627,627,627,627,627,627,627,627,627,627,627,627,627,627,627,627,627
0,0,0,0,0,0,0,0,0,0,0,0,0,0,0,0,0,0,0,0,0,0,0,0,0-0,0,0,0,0,0,0,0,0,0,0,0,0,0,0,0,0,0,0,0,0,0,0,0,0-0,0,0,054,154,254,354,454,0,0,0,0,0,0,093,193,0,0,0,0,0,0,0,0,0-0,0,0,055,155,255,355,455,7379,0,0,0,7379,0,094,0,0,054,154,254,354,454,0,0,0-454,0,0,056,156,256,356,456,7380,0,0,0,7380,0,095,0,0,055,155,255,355,455,0,0,0-455,0,0,057,157,257,357,457,0,0,0,0,0,0,0,0,0,056,156,256,356,456,0,0,0-456,0,0,0,0,0,0,0,0,0,0,0,0,0,0,0,0,057,157,257,357,457,0,0,0-457,0,0,0,0,0,0,0,0,0,0,0,0,0,0,0,0,0,0,0,0,0,0,0,0-0,0,0,0,0,093,193,0,0,054,154,254,354,454,0,0,0,0,0,0,0,0,0,0,0-0,0,0,0,0,094,0,0,0,055,155,255,355,455,0,0,0,0,0,054,154,254,354,454,0-0,0,0,0,0,095,0,0,0,056,156,256,356,456,0,0,0,0,0,055,155,255,355,455,0-0,054,154,254,354,454,0,0,0,057,157,257,357,457,0,093,193,0,0,056,156,256,356,456,0-0,055,155,255,355,455,0,0,0,0,0,0,0,0,0,094,0,0,0,057,157,257,357,457,0-0,056,156,256,356,456,0,0,0,0,0,0,0,0,0,095,0,0,0,0,0,0,0,0,0-0,057,157,257,357,457,0,0,0,0,0,0,0,0,0,0,0,0,0,0,0,0,0,0,0-0,0,0,0,0,0,0,0,0,0,054,154,254,354,454,0,0,0,0,0,0,0,0,0,0-0,0,0,0,0,0,0,0,0,0,055,155,255,355,455,0,0,0,0,093,193,0,054,154,254-354,454,0,0,0,0,0,0,0,0,056,156,256,356,456,0,0,0,0,094,0,0,055,155,255-355,455,0,0,0,0,0,093,193,0,057,157,257,357,457,0,0,0,0,095,0,0,056,156,256-356,456,0,0,0,0,0,094,0,0,0,0,0,0,0,0,0,0,0,0,0,0,057,157,257-357,457,0,0,0,0,0,095,0,0,0,0,0,0,0,0,0,0,0,0,0,0,0,0,0-0,0,0,0,0,0,0,0,0,0,0,0,0,0,0,0,0,0,0,0,0,0,0,0,0-0,0,0,0,0,0,0,0,0,0,0,0,0,0,0,0,0,0,0,0,0,0,0,0,0-626,626,626,626,626,626,626,626,626,626,626,626,626,626,626,626,626,626,626,626,626,626,626,626,626-627,627,627,627,627,627,627,627,627,627,627,627,627,627,627,627,627,627,627,627,627,627,627,627,627
false
4
0
kevin
</mapData>

<mapTransition>
10
12
GutOmz4xVGkn0Et



true
false
false
false




ndku9vdBRvEC0Bg
</mapTransition>
<mapTransition>
11
19
tzsLDMyihYUkbZT



true
false
false
false




05PJAcuJYbTqdb4
</mapTransition>
<mapTransition>
18
7
7AOPriiiTgnG0VT



true
false
false
false




z2MHRjbSKwjPQXt
</mapTransition>
<mapTransition>
20
13
M2LrEnFSdMAmlo7



true
false
false
false




ZKdRt7drCVvkELi
</mapTransition>
<mapTransition>
2
15
TqXyh4ki9eZUPKQ



true
false
false
false




U3zYEj0HzahIilo
</mapTransition>
<mapTransition>
23
20
rce09dI434Y19rg



true
false
false
false




haphhgVMIk9Ys2p
</mapTransition>
<mapTransition>
4
6
d1EyHeLFvounG06



true
false
false
false




WEhTCEsBluz7afB
</mapTransition>
















