<mapData>
City of Light 6x0
16,16,16,16,16,16,16,16,16,16,16,16,527,627,627,727,00,00,00,00,00,00,00,00,00-16,16,16,16,16,16,16,16,16,16,16,16,527,627,627,727,00,00,00,00,00,00,00,00,00-16,16,16,16,16,16,16,16,16,16,16,16,527,627,627,727,00,00,00,00,00,00,00,00,00-16,16,16,16,16,16,16,16,16,16,16,16,527,627,627,727,00,00,00,00,00,00,00,00,00-16,16,16,16,16,16,16,16,16,16,16,16,527,627,627,727,00,00,00,00,00,00,00,00,10-16,16,16,16,16,16,16,16,16,16,16,16,527,627,627,727,20,00,00,00,00,00,00,00,00-16,16,16,16,16,16,16,16,16,16,16,16,527,627,627,727,00,00,00,00,00,00,00,00,00-16,16,16,16,16,16,16,16,16,16,16,16,527,627,627,727,00,00,00,01,01,00,00,00,00-16,16,16,16,16,16,16,16,16,16,16,16,527,627,627,727,00,00,30,01,00,00,01,00,00-16,16,16,16,16,16,16,16,16,16,16,16,527,627,627,727,00,00,01,00,10,00,00,00,00-16,16,16,16,16,16,16,16,16,16,16,16,527,627,627,727,00,00,00,01,30,00,01,00,00-16,16,16,16,16,16,16,16,16,16,16,16,527,627,627,727,00,00,01,01,01,01,00,00,00-16,16,16,16,16,16,16,16,16,16,16,16,527,627,627,727,00,00,00,00,00,01,01,00,00-16,16,16,01,01,30,00,00,00,01,00,00,527,627,627,727,00,00,00,00,01,00,01,00,00-16,16,16,00,01,13,13,13,00,00,01,01,527,627,627,727,00,00,00,00,00,01,01,00,00-16,16,13,13,13,13,13,13,13,13,01,00,527,627,627,727,00,00,00,00,00,00,01,00,00-16,16,16,00,13,30,00,00,00,13,00,00,527,627,627,727,30,00,00,00,00,00,01,00,00-16,16,16,00,13,00,00,10,00,13,00,01,527,627,627,727,00,00,00,00,00,00,00,00,00-16,16,16,00,13,00,00,30,00,13,00,00,527,627,627,727,00,00,00,00,00,30,00,00,00-16,16,16,00,13,30,00,00,00,13,00,01,527,627,627,727,00,00,00,00,00,00,00,00,00-16,16,16,00,13,00,00,00,00,13,00,01,527,627,627,727,00,00,00,00,00,00,00,00,00-16,16,16,00,13,13,13,13,13,13,01,01,527,627,627,727,00,00,00,00,00,00,00,00,00-16,16,16,00,00,00,00,00,00,00,01,00,527,627,627,727,00,00,00,00,30,00,00,00,00-626,626,626,626,626,626,626,626,626,626,626,626,629,627,627,727,00,00,00,00,00,00,00,00,00-627,627,627,627,627,627,627,627,627,627,627,627,627,627,627,727,00,00,00,00,00,00,00,00,00
0,0,0,0,0,0,0,0,0,0,0,0,527,627,627,727,0,0,0,0,0,0,0,40,50-0,0,0,0,0,0,0,0,0,0,0,0,527,627,627,727,0,0,0,0,0,0,0,41,51-0,0,0,0,0,0,0,0,0,0,0,0,527,627,627,727,0,0,0,0,0,0,0,40,50-0,0,0,0,0,0,0,0,0,0,0,0,527,627,627,727,0,0,0,0,0,0,0,41,51-0,0,0,0,0,0,0,0,0,0,0,0,527,627,627,727,0,0,0,0,0,0,0,40,50-0,0,0,0,0,0,0,0,0,0,0,0,527,627,627,727,0,0,0,0,0,60,70,41,51-0,0,0,0,0,0,0,0,0,0,0,0,527,627,627,727,0,0,0,0,0,41,51,40,50-0,0,0,0,0,0,0,0,0,0,0,0,527,627,627,727,0,0,0,0,0,42,52,41,51-0,0,0,0,0,0,0,0,0,0,0,0,527,627,627,727,0,0,0,0,60,70,0,40,50-0,0,0,0,0,0,0,0,0,0,0,0,527,627,627,727,0,0,0,0,41,51,0,41,51-0,0,0,0,0,0,0,0,0,0,0,0,527,627,627,727,0,0,0,0,42,52,0,40,50-0,0,0,0,0,0,0,0,0,0,0,0,527,627,627,727,0,0,0,0,0,0,0,41,51-0,0,097,199,199,199,199,199,197,0,0,0,527,627,627,727,0,0,60,70,0,0,0,40,50-0,0,098,0,0,3290,4290,5290,0,0,0,0,527,627,627,727,0,0,41,51,0,0,0,41,51-0,0,096,0,0,3291,4291,5291,0,0,0,0,527,627,627,727,0,0,42,52,0,0,0,40,50-0,0,0,0,0,0,0,0,0,0,0,0,527,627,627,727,0,0,0,0,60,70,0,41,51-0,0,196,0,0,1252,2252,2252,3252,0,0,0,527,627,627,727,0,0,0,0,41,51,0,40,50-0,0,098,093,193,0254,2253,2253,0253,498,499,0,527,627,627,727,0,0,0,0,42,52,0,41,51-0,0,098,094,0,0254,2253,2254,0253,0,398,0,527,627,627,727,0,0,0,0,0,60,70,40,50-0,0,098,095,0,0254,2253,2253,0253,0,399,0,527,627,627,727,0,0,0,0,0,41,51,41,51-0,0,098,0,0,0255,2255,2255,1255,0,0,0,527,627,627,727,0,0,0,0,0,42,52,40,50-0,0,098,0,0,0,0,0,0,0,0,0,527,627,627,727,0,0,0,0,0,0,0,41,51-0,0,096,0,0,0,0,0,0,0,0,0,527,627,627,727,0,0,0,0,0,0,0,40,50-626,626,626,626,626,626,626,626,626,626,626,626,627,627,627,727,0,0,0,0,0,0,0,41,51-627,627,627,627,627,627,627,627,627,627,627,627,627,627,627,727,0,0,0,0,0,0,0,40,50
false
6
0
kevin
</mapData>
<pokemon>
43
100
15
20
</pokemon>





<npcAction>
8
14
kv0ByjvCpDP51IR



true
true
false
false
/images/chars/casualgirl2.png

-16
actionObject spritely
casualgirl2
d

5shSaAYyuTL1GEx
</npcAction>












