<mapData>
City of Light 3x-1
627,627,627,627,627,627,627,627,627,727,16,16,16,16,16,16,16,16,16,16,16,16,16,16,16-627,627,627,627,627,627,627,627,627,727,16,16,16,16,16,16,16,16,16,16,16,16,16,16,16-627,627,627,627,627,627,627,627,627,727,16,16,16,16,16,16,16,16,16,16,16,16,16,16,16-627,627,627,627,627,627,627,627,627,727,16,16,16,16,16,16,16,16,16,16,16,16,16,16,16-627,627,627,627,627,627,627,627,627,727,16,16,16,16,16,16,16,16,16,16,16,16,16,16,16-627,627,627,627,627,627,627,627,627,727,16,16,16,16,16,16,16,16,16,16,16,16,16,16,16-627,627,627,627,627,627,627,627,627,727,16,16,16,16,16,16,16,16,16,16,16,16,16,16,16-627,627,627,627,627,627,627,627,627,727,16,16,16,16,16,16,16,16,16,16,16,16,16,16,16-627,627,627,627,627,627,627,627,627,727,16,16,16,16,16,16,16,16,16,16,16,16,16,16,16-627,627,627,627,627,627,627,627,627,727,16,16,16,16,16,16,16,16,16,16,16,16,16,16,16-121,121,121,121,121,121,121,121,121,121,16,16,16,16,16,16,16,16,16,16,16,16,16,16,16-121,121,121,121,121,121,121,121,121,121,16,16,16,16,16,16,16,16,16,16,16,16,16,16,16-627,627,627,627,627,627,627,627,627,727,16,16,16,16,16,16,16,16,16,16,16,16,16,16,16-627,627,627,627,627,627,627,627,627,727,16,16,16,16,16,16,16,16,16,16,16,16,16,16,16-627,627,627,627,627,627,627,627,627,727,16,16,16,16,16,16,16,16,16,16,16,16,16,16,16-627,627,627,627,627,627,627,627,627,727,16,16,16,16,16,16,16,16,16,16,16,16,16,16,16-627,627,627,627,627,627,627,627,627,727,16,16,16,16,16,16,16,16,16,16,16,16,16,16,16-627,627,627,627,627,627,627,627,627,727,16,16,16,16,16,16,16,16,16,16,16,16,16,16,16-627,627,627,627,627,627,627,627,627,727,16,16,16,16,16,16,16,16,16,16,16,16,16,16,16-627,627,627,627,627,627,627,627,627,727,16,16,16,16,16,16,16,16,16,16,16,16,16,16,16-627,627,627,627,627,627,627,627,627,727,16,16,16,16,16,16,16,16,16,16,16,16,16,16,16-627,627,627,627,627,627,627,627,627,727,16,16,16,16,16,16,16,16,16,16,16,16,16,16,16-627,627,627,627,627,627,627,627,627,727,16,16,16,16,16,16,16,16,16,16,16,16,16,16,16-627,627,627,627,627,627,627,627,627,727,16,16,16,16,16,16,16,16,16,16,16,16,16,16,16-627,627,627,627,627,627,627,627,627,727,16,16,16,16,16,16,16,16,16,16,16,16,16,16,16
627,627,627,627,627,627,627,627,627,727,0,0,0,0,0,0,0,0,0,0,0,0,0,0,0-627,627,627,627,627,627,627,627,627,727,0,0,0,0,0,0,0,0,0,0,0,0,0,0,0-627,627,627,627,627,627,627,627,627,727,0,0,0,0,0,0,0,0,0,0,0,0,0,0,0-627,627,627,627,627,627,627,627,627,727,0,0,0,0,0,0,0,0,0,0,0,0,0,0,0-627,627,627,627,627,627,627,627,627,727,0,0,0,0,0,0,0,0,0,0,0,0,0,0,0-627,627,627,627,627,627,627,627,627,727,0,0,0,0,0,0,0,0,0,0,0,0,0,0,0-627,627,627,627,627,627,627,627,627,727,0,0,0,0,0,0,0,0,0,0,0,0,0,0,0-627,627,627,627,627,627,627,627,627,727,0,0,0,0,0,0,0,0,0,0,0,0,0,0,0-627,627,627,627,627,627,627,627,627,727,0,0,0,0,0,0,0,0,0,0,0,0,0,0,0-628,628,628,628,628,628,628,628,628,728,0,0,0,0,0,0,0,0,0,0,0,0,0,0,0-0,0,0,0,0,0,0,31,0,0,0,0,0,0,0,0,0,0,0,0,0,0,0,0,0-0,0,0,0,0,0,0,31,0,0,0,0,0,0,0,0,0,0,0,0,0,0,0,0,0-626,626,626,626,626,626,626,626,626,726,0,0,0,0,0,0,0,0,0,0,0,0,0,0,0-627,627,627,627,627,627,627,627,627,727,0,0,0,0,0,0,0,0,0,0,0,0,0,0,0-627,627,627,627,627,627,627,627,627,727,0,0,0,0,0,0,0,0,0,0,0,0,0,0,0-627,627,627,627,627,627,627,627,627,727,0,0,0,0,0,0,0,0,0,0,0,0,0,0,0-627,627,627,627,627,627,627,627,627,727,0,0,0,0,0,0,0,0,0,0,0,0,0,0,0-627,627,627,627,627,627,627,627,627,727,0,0,0,0,0,0,0,0,0,0,0,0,0,0,0-627,627,627,627,627,627,627,627,627,727,0,0,0,0,0,0,0,0,0,0,0,0,0,0,0-627,627,627,627,627,627,627,627,627,727,0,0,0,0,0,0,0,0,0,0,0,0,0,0,0-627,627,627,627,627,627,627,627,627,727,0,0,0,0,0,0,0,0,0,0,0,0,0,0,0-627,627,627,627,627,627,627,627,627,727,0,0,0,0,0,0,0,0,0,0,0,0,0,0,0-627,627,627,627,627,627,627,627,627,727,0,0,0,0,0,0,0,0,0,0,0,0,0,0,0-627,627,627,627,627,627,627,627,627,727,0,0,0,0,0,0,0,0,0,0,0,0,0,0,0-627,627,627,627,627,627,627,627,627,727,0,0,0,0,0,0,0,0,0,0,0,0,0,0,0
false
3
-1
kevin
</mapData>











