<mapData>
City of Light 6x-1
16,16,16,16,16,16,16,16,16,16,16,16,527,627,627,727,00,30,00,00,00,10,00,00,00-16,16,16,16,16,16,16,16,16,16,16,16,527,627,627,727,00,10,00,00,00,00,00,00,00-16,16,16,16,16,16,16,16,16,16,16,16,527,627,627,727,00,00,00,00,00,00,00,00,00-16,16,16,16,16,16,16,16,16,16,16,16,527,627,627,727,30,00,00,00,00,00,00,00,00-16,16,16,16,16,16,16,16,16,16,16,16,527,627,627,727,00,00,00,00,20,00,00,00,20-16,16,16,16,16,16,16,16,16,16,16,16,527,627,627,727,00,00,00,00,00,00,00,00,00-16,16,16,16,16,16,16,16,16,16,16,16,527,627,627,727,00,00,00,00,00,00,00,00,20-16,16,16,16,16,16,16,16,16,16,16,16,527,627,627,727,00,00,10,00,00,00,00,00,00-16,16,16,16,16,16,16,16,16,16,16,16,527,627,627,727,00,00,00,00,00,00,00,30,00-16,16,16,16,16,16,16,16,16,16,16,16,527,627,627,727,20,00,00,00,10,00,00,00,00-16,16,16,16,16,16,16,16,16,16,16,16,527,627,627,727,00,00,00,00,00,00,00,00,00-16,16,16,16,16,16,16,16,16,16,16,16,527,627,627,727,00,00,00,00,00,00,00,00,00-16,16,16,16,16,16,16,16,16,16,16,16,527,627,627,727,00,00,00,00,00,00,00,00,00-16,16,16,16,16,16,16,16,16,16,16,16,527,627,627,727,00,00,00,00,00,00,30,00,00-16,16,16,16,16,16,16,16,16,16,16,16,527,627,627,727,00,00,00,00,00,00,10,00,00-16,16,16,16,16,16,16,16,16,16,16,121,121,121,121,121,00,00,00,00,00,00,00,00,30-16,16,16,16,16,16,16,16,16,16,16,121,121,121,121,121,00,30,00,00,00,00,00,00,00-16,16,16,16,16,16,16,16,16,16,16,16,527,627,627,727,20,00,00,00,00,00,10,00,00-16,16,16,16,16,16,16,16,16,16,16,16,527,627,627,727,00,00,00,00,00,00,00,00,00-16,16,16,16,16,16,16,16,16,16,16,16,527,627,627,727,00,00,00,20,00,00,00,00,30-16,16,16,16,16,16,16,16,16,16,16,16,527,627,627,727,00,00,00,00,00,00,00,00,00-16,16,16,16,16,16,16,16,16,16,16,16,527,627,627,727,00,00,00,00,00,00,00,00,00-16,16,16,16,16,16,16,16,16,16,16,16,527,627,627,727,00,00,00,00,00,00,00,00,00-16,16,16,16,16,16,16,16,16,16,16,16,527,627,627,727,00,00,00,30,00,00,00,00,00-16,16,16,16,16,16,16,16,16,16,16,16,527,627,627,727,00,00,00,00,00,30,00,10,00
0,0,0,0,0,0,0,0,0,0,0,0,527,627,627,727,0,0,0,0,0,0,0,0,0-0,0,0,0,0,0,0,0,0,0,0,0,527,627,627,727,0,0,0,0,0,0,0,0,0-0,0,0,0,0,0,0,0,0,0,0,0,527,627,627,727,0,0,0,0,0,0,0,0,0-0,0,0,0,0,0,0,0,0,0,0,0,527,627,627,727,0,0,0,0,0,0,0,0,0-0,0,0,0,0,0,0,0,0,0,0,0,527,627,627,727,0,0,0,0,0,0,0,0,0-0,0,0,0,0,0,0,0,0,0,0,0,527,627,627,727,0,0,0,0,0,0,0,0,0-0,0,0,0,0,0,0,0,0,0,0,0,527,627,627,727,0,0,0,0,0,0,0,0,0-0,0,0,0,0,0,0,0,0,0,0,0,527,627,627,727,0,0,0,0,0,0,0,0,0-0,0,0,0,0,0,0,0,0,0,0,0,527,627,627,727,0,0,0,0,0,0,0,0,0-0,0,0,0,0,0,0,0,0,0,0,0,527,627,627,727,0,0,0,0,0,0,0,0,0-0,0,0,0,0,0,0,0,0,0,0,0,527,627,627,727,0,0,0,0,0,0,0,0,0-0,0,0,0,0,0,0,0,0,0,0,0,527,627,627,727,0,0,0,0,0,0,0,0,0-0,0,0,0,0,0,0,0,0,0,0,0,527,627,627,727,0,0,0,0,0,0,0,0,0-0,0,0,0,0,0,0,0,0,0,0,0,527,627,627,727,0,0,0,0,0,0,0,0,0-0,0,0,0,0,0,0,0,0,0,0,0,528,628,628,728,0,0,0,0,0,0,0,0,0-0,0,0,0,0,0,0,0,0,0,0,0,0,0,0,0,0,0,0,0,0,0,0,0,0-0,0,0,0,0,0,0,0,0,0,0,0,0,0,0,0,0,0,0,0,0,0,0,0,0-0,0,0,0,0,0,0,0,0,0,0,0,526,626,626,726,0,0,0,0,0,0,0,0,0-0,0,0,0,0,0,0,0,0,0,0,0,527,627,627,727,0,0,0,0,0,0,0,0,0-0,0,0,0,0,0,0,0,0,0,0,0,527,627,627,727,0,0,0,0,0,0,0,0,0-0,0,0,0,0,0,0,0,0,0,0,0,527,627,627,727,0,0,0,0,0,0,0,0,0-0,0,0,0,0,0,0,0,0,0,0,0,527,627,627,727,0,0,0,0,0,0,0,0,0-0,0,0,0,0,0,0,0,0,0,0,0,527,627,627,727,0,0,0,0,0,0,0,0,0-0,0,0,0,0,0,0,0,0,0,0,0,527,627,627,727,0,0,0,0,0,0,0,0,0-0,0,0,0,0,0,0,0,0,0,0,0,527,627,627,727,0,0,0,0,0,0,0,0,0
false
6
-1
kevin
</mapData>











