<mapData>
City of Light 3x0
627,627,627,627,627,627,627,627,627,727,16,16,16,16,16,16,16,16,16,16,16,16,16,16,16-627,627,627,627,627,627,627,627,627,727,16,16,16,16,16,16,16,16,16,16,16,16,16,16,16-627,627,627,627,627,627,627,627,627,727,16,16,16,16,16,16,16,16,16,16,16,16,16,16,16-627,627,627,627,627,627,627,627,627,727,16,16,16,16,16,16,16,16,16,16,16,16,16,16,16-627,627,627,627,627,627,627,627,627,727,16,16,16,16,16,16,16,16,16,16,16,16,16,16,16-627,627,627,627,627,627,627,627,627,727,16,16,16,16,16,16,16,16,16,16,16,16,16,16,16-627,627,627,627,627,627,627,627,627,727,16,16,16,16,16,16,16,16,16,16,16,16,16,16,16-627,627,627,627,627,627,627,627,627,727,16,16,16,16,16,16,16,16,16,16,16,16,16,16,16-627,627,627,627,627,627,627,627,627,727,16,16,16,16,16,16,16,16,16,16,16,16,16,16,16-627,627,627,627,627,627,627,627,627,727,16,16,16,16,16,16,16,16,16,16,16,16,16,16,16-627,627,627,627,627,627,627,627,627,727,16,16,16,16,16,16,16,16,16,16,16,16,16,16,16-627,627,627,627,627,627,627,627,627,727,16,16,16,16,16,16,16,16,16,16,16,16,16,16,16-627,627,627,627,627,627,627,627,627,727,16,16,16,16,16,16,16,16,16,16,16,16,16,16,16-627,627,627,627,627,627,627,627,627,727,16,16,16,16,16,16,16,16,16,16,16,16,16,16,16-627,627,627,627,627,627,627,627,627,727,16,16,16,16,16,16,16,16,16,16,16,16,16,16,16-627,627,627,627,627,627,627,627,627,727,16,16,16,16,16,16,16,16,16,16,16,16,16,16,16-627,627,627,627,627,627,627,627,627,727,16,16,16,16,16,16,16,16,16,16,16,16,16,16,16-627,627,627,627,627,627,627,627,627,727,16,16,16,16,16,16,16,16,16,16,16,16,16,16,16-627,627,627,627,627,627,627,627,627,727,16,16,16,16,16,16,16,16,16,16,16,16,16,16,16-627,627,627,627,627,627,627,627,627,727,16,16,16,16,16,16,16,16,16,16,16,16,16,16,16-627,627,627,627,627,627,627,627,627,727,16,16,16,16,16,16,16,16,16,16,16,16,16,16,16-627,627,627,627,627,627,627,627,627,727,16,16,16,16,16,16,16,16,16,16,16,16,16,16,16-627,627,627,627,627,627,627,627,627,727,16,16,16,16,16,16,16,16,16,16,16,16,16,16,16-627,627,627,627,627,627,627,627,627,729,626,626,626,626,626,626,626,626,626,626,626,626,626,626,626-627,627,627,627,627,627,627,627,627,627,627,627,627,627,627,627,627,627,627,627,627,627,627,627,627
0,0,0,0,0,0,0,0,0,0,0,0,0,0,0,0,0,0,0,0,0,0,0,0,0-0,0,0,0,0,0,0,0,0,0,0,0,0,0,0,0,0,0,0,0,0,0,0,0,0-0,0,0,0,0,0,0,0,0,0,0,0,0,0,0,0,0,0,0,0,0,0,0,0,0-0,0,0,0,0,0,0,0,0,0,0,0,0,0,0,0,0,0,0,0,0,0,0,0,0-0,0,0,0,0,0,0,0,0,0,0,0,0,0,0,0,0,0,0,0,0,0,0,0,0-0,0,0,0,0,0,0,0,0,0,0,0,0,0,0,0,0,0,0,0,0,0,0,0,0-0,0,0,0,0,0,0,0,0,0,0,0,0,0,0,0,0,0,0,0,0,0,0,0,0-0,0,0,0,0,0,0,0,0,0,0,0,0,0,0,0,0,0,0,0,0,0,0,0,0-0,0,0,0,0,0,0,0,0,0,0,0,0,0,0,0,0,0,0,0,0,0,0,0,0-0,0,0,0,0,0,0,0,0,0,0,0,0,0,0,0,0,0,0,0,0,0,0,0,0-0,0,0,0,0,0,0,0,0,0,0,0,0,0,0,0,0,0,0,0,0,0,0,0,0-0,0,0,0,0,0,0,0,0,0,0,0,0,0,0,0,0,0,0,0,0,0,0,0,0-0,0,0,0,0,0,0,0,0,0,0,0,0,0,0,0,0,0,0,0,0,0,0,0,0-0,0,0,0,0,0,0,0,0,0,0,0,0,0,0,0,0,0,0,0,0,0,0,0,0-0,0,0,0,0,0,0,0,0,0,0,0,0,0,0,0,0,0,0,0,0,0,0,0,0-0,0,0,0,0,0,0,0,0,0,0,0,0,0,0,0,0,0,0,0,0,0,0,0,0-0,0,0,0,0,0,0,0,0,0,0,0,0,0,0,0,0,0,0,0,0,0,0,0,0-0,0,0,0,0,0,0,0,0,0,0,0,0,0,0,0,0,0,0,0,0,0,0,0,0-0,0,0,0,0,0,0,0,0,0,0,0,0,0,0,0,0,0,0,0,0,0,0,0,0-0,0,0,0,0,0,0,0,0,0,0,0,0,0,0,0,0,0,0,0,0,0,0,0,0-0,0,0,0,0,0,0,0,0,0,0,0,0,0,0,0,0,0,0,0,0,0,0,0,0-0,0,0,0,0,0,0,0,0,0,0,0,0,0,0,0,0,0,0,0,0,0,0,0,0-0,0,0,0,0,0,0,0,0,0,0,0,0,0,0,0,0,0,0,0,0,0,0,0,0-0,0,0,0,0,0,0,0,0,0,0,0,0,0,0,0,0,0,0,0,0,0,0,0,0-0,0,0,0,0,0,0,0,0,0,0,0,0,0,0,0,0,0,0,0,0,0,0,0,0
false
3
0

</mapData>








