<mapData>
CoL center
0,0,0,0,0,0,0,0,0,0-0,0,0,0,0,0,0,0,0,0-0,1372,1372,1372,1372,1372,1372,1372,1372,0-1372,1372,1372,1372,1372,1372,1372,1372,1372,1372-2372,2372,2372,2372,2372,2372,2372,0372,0372,2372-1372,1372,4372,5371,5371,5371,5371,5371,5371,5371-1372,1372,3373,5371,5371,5371,5371,5371,5371,5371-2372,2372,3372,5371,5371,5371,5371,5371,5371,5371-5371,5371,5371,5371,5371,5371,5371,5371,5371,5371-5371,5371,5371,6371,6371,5371,5371,5371,5371,5371
0377,6373,6373,6373,6373,6373,6373,6373,6373,1377-0378,6374,6374,6374,6374,6374,6374,6374,6374,1378-0379,00,00,00,0407,00,00,00,7381,1379-00,00,00,00,0408,00,00,00,7382,00-0386,1386,00,3392,4392,5392,00,00,7383,00-0387,1387,00,3395,4395,5395,00,00,00,00-0388,1388,00,00,00,00,00,00,00,00-00,00,00,00,00,00,3379,4379,00,2380-00,00,00,00,00,00,3380,4380,00,2379-00,00,00,00,00,00,00,00,00,00
false
null
null
kevin
</mapData>











