<mapData>
CoL House basic 10
0,0,5377,6377,0,4373,4373,4373,5377,0-0,0,5378,0,0,4374,4374,4374,0,4374-5371,5371,5371,5371,5371,5371,5371,5371,5371,5371-5371,5371,5371,5371,5371,5371,5371,5371,5371,5371-5371,5371,5371,5371,5371,5371,5371,5371,5371,5371-5371,5371,5371,5371,5371,5371,5371,5371,5371,5371-5371,5371,5371,5371,5371,5371,5371,5371,5371,5371-5371,5371,5371,5371,5371,5371,5371,5371,5371,5371-5371,5371,5371,5371,5371,5371,5371,5371,5371,5371-5371,5371,5371,5371,5371,5371,5371,5371,5371,5371-5371,5371,5371,5371,5371,5371,5371,5371,5371,5371-5371,5371,5371,5371,5371,5371,5371,5371,5371,5371-5371,5371,5371,5371,5371,5371,5371,5371,5371,5371-5371,5371,5371,5371,5371,5371,5371,5371,5371,5371-5371,5371,5371,5371,5371,6402,5371,5371,5371,5371
4373,4373,5377,6377,4373,4373,5377,6377,4373,4373-4374,4374,5378,6378,4374,4374,5378,6378,4374,4374-0398,1398,2398,2381,3381,0,6372,6400,7400,7372-0399,1399,2399,2382,3382,0,6372,6401,7401,7372-0400,1400,2400,0,0,0,0,0,0,0-7377,0,0,0,0,0,0,0,0,7377-7378,0,0,0,0,0,0,0,0,7378-0,2386,0,0,0,0,3386,0,0,0-7377,2387,0,5384,6384,0,3387,0,0,7377-7378,2388,0,5385,6385,0,3388,0,0,7378-0,0,0,0,0,0,0,0,0,0-0,0,0,0,0,0,0,0,0,0-7377,0,0,0,0,0,0,0,0,7377-7378,0,0,0,0,0,0,0,0,7378-0,0,0,0,0,0,0,0,0,0
false
null
null
kevin
</mapData>

<mapTransition>
5
14
z2MHRjbSKwjPQXt



true
false
false
false




7AOPriiiTgnG0VT
</mapTransition>










<personAction>
6
5
lSiiVUk1haMKJg0



false
true
false
false
/images/chars/guard.png

-16
actionObject spritely
guard

d
</personAction>

<messagePersonAction>
6
5
lSiiVUk1haMKJg0



false
true
false
false
/images/chars/guard.png

-16
actionObject spritely
guard

d
Look kid.;I'm not going to battle you.; I am the champion of the pokemon league in 1980.; After that i joined the Police Task Force.
</messagePersonAction>

<pokemonAction>
4
5
fBxTJl5NEfTb4tA



false
true
false
false
/images/followers/65.png
-8
-16
actionObject spritely overworldPokemon
65

l
</pokemonAction>




