<mapData>
CoL House basic 9
0,0,5377,6377,0,4373,4373,4373,5377,0-0,0,5378,0,0,4374,4374,4374,0,4374-5371,5371,5371,5371,5371,5371,5371,5371,5371,5371-5371,5371,5371,5371,5371,5371,5371,5371,5371,5371-5371,5371,5371,5371,5371,5371,5371,5371,5371,5371-5371,5371,5371,5371,5371,5371,5371,5371,5371,5371-5371,5371,5371,5371,5371,5371,5371,5371,5371,5371-5371,5371,5371,5371,5371,5371,5371,5371,5371,5371-5371,5371,5371,5371,5371,5371,5371,5371,5371,5371-5371,5371,5371,5371,5371,5371,5371,5371,5371,5371-5371,5371,5371,5371,5371,5371,5371,5371,5371,5371-5371,5371,5371,5371,5371,5371,5371,5371,5371,5371-5371,5371,5371,5371,5371,5371,5371,5371,5371,5371-5371,5371,5371,5371,5371,5371,5371,5371,5371,5371-5371,5371,5371,5371,5371,6402,5371,5371,5371,5371
4373,4373,5377,6377,4373,4373,5377,6377,4373,4373-4374,4374,5378,6378,4374,4374,5378,6378,4374,4374-0,0,0,0,2381,3381,0,0,0,0-7377,0,0,0,2382,3382,0,0,0,0-7378,0,0,0,0,0,0,0,0,0-0,0,0,0,0,0,0,0,0,0-0,0,0,0,0,0,5403,6400,7400,6403-2386,0,0,0,0,0,5403,6401,7401,6403-2387,0,0,0,0,0,0,0,0,0-2387,0,0,0,0,0,0,0,0,0-2388,0,0,0,0,0,0,0,0,0-0,0,0,0,0,0,0,0,0,0-7377,0,0,0,0,0,0,0,0,7377-7378,0,0,0,0,0,0,0,0,7378-0,0,0,0,0,0,0,0,0,0
false
null
null
kevin
</mapData>

<mapTransition>
5
14
05PJAcuJYbTqdb4



true
false
false
false




tzsLDMyihYUkbZT
</mapTransition>




<npcAction>
3
9
FbF3LSt57s1XwLj



false
true
false
false
/images/chars/casualguy1.png

-16
actionObject spritely
casualguy1
d

M8ubiVg96h36Pqa
</npcAction>












