<mapData>
CoL House basic 5
0,0,5377,6377,0,4373,4373,4373,5377,0-0,0,5378,0,0,4374,4374,4374,0,4374-5371,5371,5371,5371,5371,5371,5371,5371,5371,5371-5371,5371,5371,5371,5371,5371,5371,5371,5371,5371-5371,5371,5371,5371,5371,5371,5371,5371,5371,5371-5371,5371,5371,5371,5371,5371,5371,5371,5371,5371-5371,5371,5371,5371,5371,5371,5371,5371,5371,5371-5371,5371,5371,5371,5371,5371,5371,5371,5371,5371-5371,5371,5371,5371,5371,5371,5371,5371,5371,5371-5371,5371,5371,5371,5371,5371,5371,5371,5371,5371-5371,5371,5371,5371,5371,5371,5371,5371,5371,5371-5371,5371,5371,5371,5371,5371,5371,5371,5371,5371-5371,5371,5371,5371,5371,5371,5371,5371,5371,5371-5371,5371,5371,5371,5371,5371,5371,5371,5371,5371-5371,5371,5371,5371,5371,6402,5371,5371,5371,5371
4373,4373,5377,6377,4373,4373,5377,6377,4373,4373-4374,4374,5378,6378,4374,4374,5378,6378,4374,4374-4387,5387,0,2381,3381,0,5403,6400,7400,6403-4388,5388,0,2382,3382,0,5403,6401,7401,6403-0,0,0,0,0,0,0,0,0,0-7377,0,0,0,0,0,0,0,0,7377-7378,2386,0,0,0,0,0,0,0,7378-0,2387,0,0,0,0,0,0,0,0-7377,2387,0,5384,6384,0,0,0,0,7377-7378,2388,0,5385,6385,0,0,0,0,7378-0,0,0,0,0,0,0,0,0,0-0,0,0,0,0,0,0,0,0,0-7377,0,0,0,0,0,0,0,0,7377-7378,0,0,0,0,0,0,0,0,7378-0,0,0,0,0,0,0,0,0,0
false
null
null
kevin
</mapData>

<mapTransition>
5
14
hEWeorguVOb2QVP



true
false
false
false




YmeCfQQmqKo2QEf
</mapTransition>










<personAction>
6
8
iWPGNPy6XBKb90F



false
true
false
false
/images/chars/oldman1.png

-16
actionObject spritely
oldman1

dduu
</personAction>
<personAction>
6
8
iWPGNPy6XBKb90F



false
true
false
false
/images/chars/oldman1.png

-16
actionObject spritely
oldman1

dduu
</personAction>

<messagePersonAction>
6
8
iWPGNPy6XBKb90F



false
true
false
false
/images/chars/oldman1.png

-16
actionObject spritely
oldman1

dduu
What is an insect's favorite sport?;Cricket!
</messagePersonAction>

<pokemonAction>
3
5
CAwPee2d9FPuyir



false
true
false
false
/images/followers/123.png
-8
-16
actionObject spritely overworldPokemon
123
lr
d
</pokemonAction>




