<mapData>
fork_road
30,30,30,30,30,30,30,30,30,30,30,30,30,30,30-30,30,30,30,30,30,30,30,30,30,30,30,30,30,30-30,30,30,30,30,30,30,30,30,30,30,30,30,30,30-30,30,30,30,30,30,30,30,30,30,30,30,30,30,30-30,30,30,30,30,30,30,30,30,30,30,30,30,30,30-12,12,12,12,12,12,12,12,12,12,12,12,12,12,12-13,13,13,13,13,13,13,13,13,13,13,13,13,13,13-14,14,14,14,14,14,35,13,45,14,14,14,14,14,14-30,30,30,30,30,30,03,13,23,30,30,30,30,30,30-30,30,30,30,30,30,03,13,23,30,30,30,30,30,30-30,30,30,30,30,30,03,13,23,30,30,30,30,30,30-30,30,30,30,30,30,03,13,23,30,30,30,30,30,30-30,30,30,30,30,30,03,13,23,30,30,30,30,30,30-30,30,30,30,30,30,03,13,23,30,30,30,30,30,30-30,30,30,30,30,30,03,13,23,30,30,30,30,30,30-30,30,30,30,30,30,03,13,23,30,30,30,30,30,30-30,30,30,30,30,30,03,13,23,30,30,30,30,30,30-30,30,30,30,30,30,03,13,23,30,30,30,30,30,30-30,30,30,30,30,30,03,13,23,30,30,30,30,30,30-30,30,30,30,30,30,03,13,23,30,30,30,30,30,30-30,30,30,30,30,30,03,13,23,30,30,30,30,30,30-30,30,30,30,30,30,03,13,23,30,30,30,30,30,30-30,30,30,30,30,30,03,13,23,30,30,30,30,30,30-30,30,30,30,30,30,03,13,23,30,30,30,30,30,30-30,30,30,30,30,30,03,13,23,30,30,30,30,30,30
0,58,68,78,56,66,76,0,01,0,0,01,01,01,01-0,01,01,01,57,67,77,01,01,01,01,0,01,01,01-0,01,0,01,58,68,78,01,01,01,0,01,01,01,01-01,0,0,01,01,01,01,01,0,01,01,01,01,0,0-0,0,10,0,0,0,10,0,0,0,0,01,0,0,0-0,0,0,0,0,0,0,0,0,0,0,0,0,0,0-0,0,0,0,0,0,0,0,0,0,0,0,0,0,0-0,0,0,0,0,0,0,0,0,0,0,0,0,0,0-0,0,00,0,0,0,0,0,0,0,0,0,0,0,0-0,624,023,023,724,0,0,0,0,0,0,60,70,0,0-0,024,01,01,425,0,0,0,0,0,0,41,51,0,0-0,024,01,01,725,43,0,0,0,0,0,42,52,0,00-0,024,01,01,0,0,0,0,0,0,0,00,0,0,0-0,024,01,01,724,20,0,0,0,10,0,0,0,0,20-0,024,01,01,425,0,0,0,0,0,0,60,70,0,0-0,625,023,023,725,0,0,0,0,0,0,41,51,0,0-0,0,0,00,0,0,0,0,0,0,0,42,52,0,0-0,550,650,650,750,0,0,0,0,0,01,01,0,0,01-0,551,651,651,751,0,0,0,0,0,0,01,01,01,01-0,352,552,652,752,0,0,0,0,0,0,01,01,01,0-0,353,553,653,753,0,0,0,0,0,01,01,01,01,01-20,0,0,0,0,0,0,0,0,0,0,01,01,01,01-0,00,0,0,0,0,0,0,0,0,0,01,0,01,0-0,0,20,0,20,0,0,0,0,0,01,0,0,10,0-0,0,0,0,0,0,0,0,0,0,0,0,0,0,0
false
null
null
</mapData>







