<mapData>
Glooming forest 0x3
01,01,01,01,01,01,01,01,01,01,01,01,00,00,20,00,00,00,10,00,00,00,00,00,00-00,01,01,01,01,01,01,01,01,00,00,00,00,00,00,00,00,00,00,00,00,00,00,00,00-00,00,00,01,01,01,01,01,30,01,01,01,01,59,69,69,69,79,00,00,00,00,00,00,00-00,00,01,01,01,01,01,01,00,01,01,00,59,310,610,610,610,410,79,00,00,00,00,00,00-00,00,01,01,01,01,00,00,00,00,01,01,510,610,610,610,610,610,710,00,00,00,00,00,00-00,00,10,00,00,01,01,01,01,01,01,00,510,610,610,610,610,610,710,00,00,00,00,00,00-00,00,10,00,00,01,01,01,01,01,01,30,510,610,610,610,610,610,710,00,00,00,00,00,00-00,00,00,00,00,20,01,01,01,01,00,00,511,311,610,610,610,411,711,00,00,00,00,00,10-00,00,00,30,00,00,01,01,01,01,00,00,00,511,611,611,611,711,30,00,00,631,731,30,00-00,00,00,00,00,00,00,00,00,00,00,00,00,00,00,00,00,00,00,00,00,00,00,00,00-00,00,00,00,00,00,20,00,00,00,00,00,00,00,00,00,00,00,00,00,00,00,00,00,00-00,00,00,10,00,00,00,00,00,00,00,00,00,00,00,00,00,00,00,00,00,00,00,00,00-00,00,00,00,00,00,00,00,00,00,00,00,00,00,00,00,00,00,00,00,00,00,00,00,00-00,00,00,00,00,00,00,00,00,10,00,00,00,30,00,00,10,00,00,00,00,00,00,00,00-00,00,30,00,00,00,00,20,00,00,00,00,00,00,00,00,00,00,00,00,00,00,20,00,00-00,00,00,00,20,00,00,00,00,00,00,00,00,00,00,00,10,00,00,00,00,00,00,00,10-00,00,00,00,00,00,00,00,00,00,00,00,00,00,00,00,00,00,00,00,00,00,20,00,00-00,00,00,00,00,00,00,00,00,00,00,00,00,00,00,00,00,00,00,00,20,00,00,00,00-00,00,00,00,00,00,00,30,00,00,00,00,00,00,10,00,00,00,00,00,00,00,00,00,20-00,00,00,00,00,00,00,00,00,00,00,00,00,00,00,00,00,30,00,00,00,00,00,00,20-00,00,00,00,00,00,00,00,00,00,00,00,00,10,00,00,00,00,00,00,00,00,00,00,00-00,00,00,00,00,00,00,00,00,00,00,00,20,00,00,00,00,00,00,00,00,00,00,00,00-20,00,00,00,00,00,00,00,00,00,00,30,00,00,00,00,00,00,00,00,00,00,10,00,00-00,00,00,00,00,00,00,00,00,00,00,30,00,00,10,00,00,00,20,00,00,00,00,10,00-00,00,00,00,00,00,00,00,20,00,00,00,00,20,00,00,00,00,00,00,00,00,00,00,00
0,0,0,0,0,0,0,0,0,0,0,0,0,0,0,0,0,0,0,0,0,0,0,0,5333-0,0,0,0,0,0,0,0,0,0,0,0,0,0,0,0,0,0,0,0,0,0,0,0,5333-0,0,0,0,0,0,0,0,0,0,0,0,0,0,0,0,0,0,0,0,0,0,0,0,5333-0,0,0,0,0,0,0,0,33,0,0,0,0,054,154,254,354,454,0,0,0,0,0,0,5333-1231,3231,0,0,0,0,0,0,0,0,0,0,0,055,155,255,355,455,0,0,0,0,0,0,5333-0,0230,0,0,0,0,0,0,0,0,0,0,0,056,156,256,356,456,0,0,0,0,0,0,5333-0,0230,0,0,0,0,0,0,0,0,0,0,0,057,157,257,357,457,0,0,0,0,0,0,5333-0,0231,1231,1231,3231,0,0,0,0,0,0,0,0,0,0,0,1128,0,0,0,0,0,0,0,2230-0277,1277,2277,0,0230,0,0,0,0,0,0,0,0,0,0,0,1129,0,0,0,3230,0,0,1231,2231-0278,1278,2278,0,0230,0,0,0,0,0,0,0,0,0,0,0,0,0,0,0,2230,0,0,0,0-3281,4281,5281,0,0231,1231,1231,1231,3231,0,0,0,0,0,0,0,0,0,0,0,2230,0,0,0,0-0278,1278,2278,0277,1277,2277,0,0,0231,1231,1231,1231,1231,1231,1231,1231,1231,1231,1231,1231,2231,0,0,0,0-3281,4281,5281,0278,1278,2278,0277,1277,2277,0,0,0,0277,1277,2277,0277,1277,2277,0277,1277,2277,0,0,0,0-0278,1278,2278,3281,4281,5281,0278,1278,2278,0277,1277,2277,0278,1278,2278,0278,1278,2278,0278,1278,2278,0,0,0,0-3281,4281,5281,0278,1278,2278,3281,4281,5281,0278,1278,2278,3281,4281,5281,3281,4281,5281,3281,4281,5281,0277,1277,2277,0277-0278,1278,2278,3281,4281,5281,0278,1278,2278,3281,4281,5281,0278,1278,2278,0278,1278,2278,0278,1278,2278,0278,1278,2278,0278-3281,4281,5281,0278,1278,2278,3281,4281,5281,0278,1278,2278,3281,4281,5281,3281,4281,5281,3281,4281,5281,3281,4281,5281,3281-0278,1278,2278,3281,4281,5281,0278,1278,2278,3281,4281,5281,0278,1278,2278,0278,1278,2278,0278,1278,2278,0278,1278,2278,0278-3281,4281,5281,0278,1278,2278,3281,4281,5281,0278,1278,2278,3281,4281,5281,3281,4281,5281,3281,4281,5281,3281,4281,5281,3281-0278,1278,2278,3281,4281,5281,0278,1278,2278,3281,4281,5281,0278,1278,2278,0278,1278,2278,0278,1278,2278,0278,1278,2278,0278-3281,4281,5281,0278,1278,2278,3281,4281,5281,0278,1278,2278,3281,4281,5281,3281,4281,5281,3281,4281,5281,3281,4281,5281,3281-0278,1278,2278,3281,4281,5281,0278,1278,2278,3281,4281,5281,0278,1278,2278,0278,1278,2278,0278,1278,2278,0278,1278,2278,0278-3281,4281,5281,0278,1278,2278,3281,4281,5281,0278,1278,2278,3281,4281,5281,3281,4281,5281,3281,4281,5281,3281,4281,5281,3281-0278,1278,2278,3281,4281,5281,0278,1278,2278,3281,4281,5281,0278,1278,2278,0278,1278,2278,0278,1278,2278,0278,1278,2278,0278-3281,4281,5281,0278,1278,2278,3281,4281,5281,0278,1278,2278,3281,4281,5281,3281,4281,5281,3281,4281,5281,3281,4281,5281,3281
false
0
3
kevin
</mapData>
<pokemon>
16
50
5
10
</pokemon>
<pokemon>
19
50
4
10
</pokemon>
<pokemon>
27
10
5
10
</pokemon>
















