45
Glooming forest 2x1
20,00,00,00,20,00,00,00,00,00,00,00,09,29,00,00,00,00,00,20,10,00,00,00,20-20,00,00,00,30,20,00,00,00,00,30,30,09,29,00,20,00,00,20,00,00,20,00,00,00-00,20,00,00,10,00,00,00,00,10,00,00,09,29,00,00,30,00,00,00,00,00,00,30,00-00,00,20,00,20,00,00,00,00,00,00,00,09,29,30,00,10,00,00,00,00,00,00,30,30-20,20,00,00,00,00,10,00,30,10,00,00,09,29,20,00,00,00,00,10,00,00,30,00,00-10,10,00,00,20,00,00,00,00,30,00,10,09,29,00,00,00,30,10,00,30,00,10,10,10-30,00,00,00,30,00,30,00,00,00,00,10,09,29,00,00,00,00,00,30,00,20,20,00,00-10,20,20,08,28,00,10,00,00,00,20,20,09,29,00,30,00,00,10,00,30,00,00,00,00-00,00,00,09,48,18,18,18,18,18,18,18,38,29,00,00,10,30,30,00,10,30,00,00,30-20,00,00,010,110,110,110,110,110,39,19,19,19,48,18,18,18,18,18,18,18,18,18,18,18-00,00,00,30,00,00,20,00,20,09,19,19,19,49,110,110,110,110,110,110,110,110,110,110,110-00,10,00,30,00,00,00,00,00,09,19,19,19,29,00,00,00,20,10,00,30,10,00,00,00-00,00,30,00,00,00,00,10,30,010,110,39,49,210,30,00,00,00,00,20,30,00,20,00,00-00,20,30,00,00,00,00,00,00,20,10,09,29,00,00,00,00,00,00,00,00,00,00,00,00-00,20,00,20,00,00,00,00,10,30,00,09,29,10,00,00,20,00,20,00,00,00,00,00,00-10,00,00,10,00,00,00,20,20,20,00,09,29,10,10,10,10,00,00,20,30,20,30,10,00-00,00,00,00,00,30,00,00,00,30,00,09,29,10,20,00,00,00,00,00,10,00,00,30,00-00,00,10,10,00,00,00,00,00,20,30,09,29,00,30,00,00,00,30,10,00,00,00,30,00-00,30,20,00,00,00,30,00,00,00,00,09,29,00,00,10,00,20,00,00,30,00,20,10,00-00,00,10,00,10,00,00,20,20,00,00,09,29,20,00,30,00,00,00,00,00,00,00,00,00-30,00,00,00,00,30,00,00,00,00,00,09,29,10,30,00,10,00,00,00,00,00,00,30,00-10,00,30,10,10,00,00,00,00,30,00,09,29,10,10,00,10,20,00,20,00,00,00,20,00-00,00,10,00,00,10,00,00,10,10,20,09,29,00,00,00,00,00,10,00,30,00,00,20,00-10,10,00,00,00,30,10,00,00,20,00,09,29,10,00,00,00,20,10,00,10,10,30,00,00-00,00,00,30,30,00,00,00,20,20,10,09,29,00,00,00,20,00,10,30,00,00,10,00,00
0,0,0,0,0,0,0,0,0,0,0,0,0,0,0,0,0,0,0,0,0,0,0,0,0-0,0,0,0,0,0,0,0,0,0,0,0,0,0,0,0,0,0,0,0,0,0,0,0,0-0,0,0,0,0,0,0,0,0,0,0,0,0,0,0,0,0,0,0,0,0,0,0,0,0-0,0,0,0,0,0,0,0,0,0,0,0,0,0,0,0,0,0,0,0,0,0,0,0,0-0,0,0,0,0,0,0,0,0,0,0,0,0,0,0,0,0,0,0,0,0,0,0,0,0-0,0,0,0,0,0,0,0,0,0,0,0,0,0,0,0,0,0,0,0,0,0,0,0,0-0,0,0,0,0,0,0,0,0,0,0,0,0,0,0,0,0,0,0,0,0,0,0,0,0-0,0,0,0,0,0,0,0,0,0,0,0,0,0,0,0,0,0,0,0,0,0,0,0,0-0,0,0,0,0,0,0,0,0,0,0,0,0,0,0,0,0,0,0,0,0,0,0,0,0-0,0,0,0,0,0,0,0,0,0,0,0,0,0,0,0,0,0,0,0,0,0,0,0,0-0,0,0,0,0,0,0,0,0,0,0,0,0,0,0,0,0,0,0,0,0,0,0,0,0-0,0,0,0,0,0,0,0,0,0,0,0,0,0,0,0,0,0,0,0,0,0,0,0,0-0,0,0,0,0,0,0,0,0,0,0,0,0,0,0,0,0,0,0,0,0,0,0,0,0-0,0,0,0,0,0,0,0,0,0,0,0,0,0,0,0,0,0,0,0,0,0,0,0,0-0,0,0,0,0,0,0,0,0,0,0,0,0,0,0,0,0,0,0,0,0,0,0,0,0-0,0,0,0,0,0,0,0,0,0,0,0,0,0,0,0,0,0,0,0,0,0,0,0,0-0,0,0,0,0,0,0,0,0,0,0,0,0,0,0,0,0,0,0,0,0,0,0,0,0-0,0,0,0,0,0,0,0,0,0,0,0,0,0,0,0,0,0,0,0,0,0,0,0,0-0,0,0,0,0,0,0,0,0,0,0,0,0,0,0,0,0,0,0,0,0,0,0,0,0-0,0,0,0,0,0,0,0,0,0,0,0,0,0,0,0,0,0,0,0,0,0,0,0,0-0,0,0,0,0,0,0,0,0,0,0,0,0,0,0,0,0,0,0,0,0,0,0,0,0-0,0,0,0,0,0,0,0,0,0,0,0,0,0,0,0,0,0,0,0,0,0,0,0,0-0,0,0,0,0,0,0,0,0,0,0,0,0,0,0,0,0,0,0,0,0,0,0,0,0-0,0,0,0,0,0,0,0,0,0,0,0,0,0,0,0,0,0,0,0,0,0,0,0,0-0,0,0,0,0,0,0,0,0,0,0,0,0,0,0,0,0,0,0,0,0,0,0,0,0
true





-1
1
