Glooming forest 0x1
00,00,00,00,00,00,00,00,00,00,00,00,00,00,00,00,00,00,00,01,01,01,01,01,01-00,00,00,00,00,00,00,00,00,00,00,00,00,00,00,00,00,00,00,00,00,01,01,01,01-00,00,00,00,00,00,00,00,00,00,00,00,00,00,00,00,00,00,00,00,00,00,01,01,01-1346,00,00,00,00,00,00,00,00,00,00,00,00,00,00,00,00,00,00,00,00,00,00,01,01-1346,1346,1346,1346,00,00,00,00,00,00,00,00,00,00,00,00,00,00,00,00,08,28,00,01,01-01,01,01,01,01,01,00,00,00,00,00,00,00,00,00,00,00,00,00,00,09,29,00,00,00-01,01,01,01,01,01,00,00,00,00,00,00,00,00,00,00,00,00,00,00,09,29,00,00,00-01,01,01,01,00,00,00,00,00,00,00,00,00,00,00,00,00,00,00,00,631,731,00,00,00-10,01,10,00,00,00,00,00,00,00,00,00,08,18,18,18,18,18,18,18,38,29,00,00,00-18,18,18,18,18,18,18,18,18,18,18,18,38,19,19,49,110,110,110,110,110,210,00,10,00-110,110,110,110,110,110,110,110,110,110,39,19,19,19,19,29,00,00,00,00,00,00,00,00,00-00,10,00,00,00,00,00,00,00,00,09,19,19,19,19,29,00,00,00,00,00,00,00,00,00-00,00,00,00,00,00,00,00,00,00,09,19,19,19,19,29,00,00,00,00,00,00,00,00,00-00,00,00,00,00,00,00,00,00,00,010,110,110,39,19,29,00,00,00,00,00,00,00,00,00-00,10,00,00,00,00,00,00,00,00,00,00,00,09,19,48,18,18,28,00,00,00,00,00,10-00,00,10,00,00,00,00,00,00,00,00,00,00,09,19,19,19,19,48,28,00,00,00,00,00-00,00,10,00,00,00,00,00,00,00,00,00,00,010,110,110,110,110,110,210,00,00,00,00,00-00,00,10,00,00,00,00,00,00,00,00,00,00,00,00,00,00,00,00,00,00,00,00,00,00-00,10,00,00,00,00,00,00,00,00,00,00,00,00,00,00,00,00,00,00,00,00,10,10,00-00,00,00,00,00,00,00,00,00,00,00,00,00,00,00,00,00,00,00,00,00,00,00,10,00-00,00,00,00,00,00,00,00,00,00,00,00,00,00,00,00,00,00,00,00,00,00,00,00,00-00,00,00,00,00,00,00,00,00,00,00,00,00,00,00,00,00,00,00,00,00,00,00,00,00-00,00,00,00,00,00,00,00,00,00,00,00,00,00,00,00,00,00,00,00,00,00,00,00,00-00,00,00,00,00,00,00,00,00,00,00,00,00,00,00,00,00,00,00,00,00,00,00,00,00-00,00,00,00,00,00,00,00,00,00,00,00,00,00,00,00,00,00,00,00,00,00,00,00,00
5281,0,0,0,0,0,6280,6280,6280,6280,6280,6280,6280,6280,6280,6280,6281,6280,0,0,0,0,0,0,0-2278,5407,0,0,0,0,6281,6280,6280,6280,6281,6281,6281,6281,6281,6281,0,6281,0,0,0,0,0,0,0-2279,5408,0,0,0,0,0,6280,6280,6281,7331,4346,4346,4346,4346,4346,4346,4346,6331,0,0,0,0,0,0-2280,0,0,0,0,0,0,6281,6281,0,7336,0,0,0,0,0,0,0,5336,0,0,0,0,0,0-4346,4346,4346,4346,4346,4346,4346,4346,4346,4346,7337,0,0,0,0,0,0,0,5336,0,0,0,0,0,0-0,0,0,0,0,0,0,0,0,0,0,0,0,0,0,0,0,0,5336,0,0,0,0,0,0-0,0,0,0,0,0,0,0,0,0,0,0,0,0,0,0,0,0,5336,0,0,0,0,0,0-0,0,0,0,0,0,0,0,0,0,0,0,0,0,0,0,0,0,5337,6337,0,0,4346,4346,4346-0,0,0,0,0,0,0,0,0,0,0,0,0,0,0,0,0,0,0,0,0,0,0,0,0-0,0,0,0,0,0,0,0,0,0,0,0,0,0,0,0,0,0,0,0,0,0,0,0,0-0,0,0,0,0,0,0,0,0,0,0,0,0,0,0,0,0,0177,1177,1177,1177,2177,0,0,0-0,0,0,0,0,0,0,0,0,0,0,0,0,0,0,0,0,0178,1178,1178,1178,2178,0,0,0-0,0,0,0,0,0,0,0,0,0,0,0,0,0,0,0,0,0179,1179,1179,1179,4179,0,0,0-0,0,0,0,0,0,0,0,0,0,0,0,0,0,0,0,0,0180,1180,2180,3180,4180,0,0,0-7277,0,0,0,0,0,0,0,0,0,0,0,0,0,0,0,0,0,0,7218,0,0,0,0,0-7277,7277,7277,0,0,0,0,0,0,0,0,0,0,0,0,0,0,0,0,0,0,0,0,0,0-7277,7277,7277,7277,0,0,0,0,0,0,0,0,0,0,0,0,0,0,0,0,0,0,0,0,0-7278,7278,7278,7278,0,0,0,0,0,0,0,0,0,0,0,0,0,0,0,0,0,0,0,0,0-0,0,0,0,0,0,0,0,0,0,0,0,0,0,0,0,0,0,0,0,0,0,0,0,0-0,0,0,0,0,0,0,0,0,0,0,0,0,0,0,0,0,0,0,0,0,0,0,0,0-0,0,0,0,0,0,0,0,7331,6337,6337,6337,6337,6337,6337,6337,6337,6337,6337,6337,6337,6331,0,0,0-0,0,0,1345,0,0,0,0,7336,0,0,0,0,0,0,0,0,0,0,0,0,5336,0,0,0-6337,6337,6337,6337,6337,6337,6337,6337,7337,0,0,0,0,0,0,0,0,0,0,0,0,5337,6337,6337,6337-1277,2277,0277,1277,2277,0277,1277,2277,0,0,0,0277,1277,2277,0277,1277,2277,0,0,0,0,0,0,0277,1277-1278,2278,0278,1278,2278,0278,1278,2278,0277,1277,2277,0278,1278,2278,0278,1278,2278,0277,1277,2277,0277,1277,2277,0278,1278
false
16;100;3;4;19;50;3;5;10;50;4;5;
18;14;House of Kevin;4;9;



0
1
1;3;BngAfU7JWoAGt0P;false;
