<mapData>
Glooming forest -1x1
00,00,00,00,00,00,00,00,30,00,00,30,09,29,00,00,00,10,00,00,00,00,00,00,00-00,00,00,00,00,00,00,00,00,10,00,00,09,29,00,00,00,00,00,00,00,00,00,00,00-00,00,00,00,00,00,00,20,00,00,00,00,09,29,00,00,00,00,10,00,00,00,00,00,00-00,00,00,00,00,00,00,00,20,00,00,00,09,29,00,00,00,10,30,20,00,00,00,00,20-00,00,00,00,00,00,00,00,00,00,00,00,09,29,00,00,00,10,00,00,30,00,00,00,00-00,00,00,00,00,00,00,00,00,00,00,00,09,29,00,00,00,00,01,00,01,01,01,01,01-00,00,00,00,00,00,00,00,00,30,00,00,09,29,00,00,00,00,00,00,01,00,01,01,01-00,00,00,00,00,00,00,00,00,617,620,720,09,29,520,620,717,01,00,01,01,01,00,01,01-00,00,00,30,00,00,00,00,00,718,08,18,38,48,18,28,618,00,00,01,00,00,01,00,00-00,30,00,00,00,00,00,00,10,718,09,19,19,19,19,48,18,18,18,18,18,18,18,18,18-00,00,00,00,00,00,00,10,00,718,09,19,19,19,19,49,110,110,110,110,110,110,110,110,110-00,00,00,00,00,00,00,00,00,718,09,19,19,19,19,29,716,00,00,00,00,00,00,20,00-00,00,00,00,00,00,00,00,00,718,09,19,19,19,19,29,718,00,00,00,00,00,00,00,00-00,00,00,00,00,00,00,20,20,718,010,39,49,110,110,210,718,00,00,00,00,00,00,00,00-00,00,00,00,00,00,00,00,00,619,720,09,29,520,620,620,00,20,00,00,00,00,00,00,00-00,00,00,00,00,00,00,00,00,00,00,09,29,00,00,00,00,00,00,00,00,00,00,00,00-00,00,00,00,00,00,00,30,00,00,00,09,29,00,00,00,00,00,00,00,00,00,00,00,00-00,00,00,00,00,00,00,00,00,10,00,09,29,00,00,00,00,00,00,00,00,00,00,00,00-00,00,00,00,00,00,00,00,00,00,00,09,29,00,30,00,00,00,00,00,00,00,00,00,20-00,00,00,30,00,00,00,00,00,20,00,09,29,00,01,01,00,20,00,00,20,00,00,00,00-00,00,00,00,00,00,00,00,00,00,00,09,29,00,01,01,00,01,20,01,01,00,00,00,00-00,00,00,00,00,00,00,00,00,08,18,38,29,00,00,01,01,01,00,00,00,01,00,00,00-00,00,00,00,00,00,00,00,00,010,110,39,29,00,10,00,01,01,00,01,00,00,00,00,00-00,00,00,00,00,20,10,00,00,00,00,09,29,30,00,00,00,00,00,00,00,00,00,00,00-10,00,00,00,00,00,00,20,00,00,00,09,29,00,30,00,00,00,00,00,00,20,00,00,00
0,0,0,0,0,0280,1280,2280,0280,1280,2280,0,0,0,0280,1280,2280,0278,1278,2278,0278,1278,2278,3281,4281-0,0,0,0,0,0,0,0,0,0,0,0,0,0,0,0,0,0279,1279,2279,0279,1279,2279,0278,1278-0,0,0,0,0,0,0,0,0,0,0,0,0,0,0,0,0,0280,1280,2280,0280,1280,2280,0279,1279-0,0,0,0,0,0,0,0,0,0,0,0,0,0,0,0,0,0,0,0,0,0,0,0280,1280-0,0,0,0,0,0,0,7331,4346,4346,4346,4346,0,0,4346,4346,4346,4346,4346,4346,4346,4346,4346,4346,4346-0,0,0,0,0,0,0,7336,0,0,0,0,0,0,0,0,0,0,0,0,0,0,0,0,0-0,0,0,0,0,0,0,7336,0,0,0,0,0,0,0,0,0,0,0,0,0,0,0,0,0-0,0,0,0,0,0,0,7336,0,617,620,720,0,0,520,620,717,0,0,0,0,0,0,0,0-0,0,7331,6337,6337,6337,6337,7337,0,718,0,0,0,0,0,0,618,0,0,0,0,0,0,0,0-0,0,7336,0,0,0,0,0,0,718,0,0,0,0,0,0,0,0,0,0,0,0,0,0,0-0,0,7336,0,0277,1277,2277,0,0,718,0,0,0,0,0,0,0,0,0,0,0,0,0,0,0-4346,4346,7337,0,0278,1278,2278,0,0,718,0,0,0,0,0,0,0,0,0,0,0,0,0,0,0-0,0,0,0,0279,1279,2279,0,0,718,0,0,0,0,0,0,718,0,0,0,0,0,0,0,0-0277,1277,2277,0,0280,1280,2280,0,0,718,0,0,0,0,0,0,718,0,0,0,0,0,0,0,0-0278,1278,2278,0,0,0,0,0,0,619,720,0,0,0,620,620,719,0,0,0,0,0,0,0,0-3281,4281,5281,0,0,0,0,0,0,0,0,0,0,0,0,0,0,0,0,0,0,0,0,0,7277-0278,1278,2278,0277,1277,2277,0,0,0,0,0,0,0,0,0,0,0,0,0,0,0,0,0,7277,7277-3281,4281,5281,0278,1278,2278,0,0,0,0,0,0,0,0,0,0,0,0,0,0,0,0,0,7278,7278-0278,1278,2278,3281,4281,5281,0,0,0,0,0,0,0,0,0,0,0,0,0,0,0,0,0,0,0-3281,4281,5281,0278,1278,2278,0,0,0,0,0,0,0,0,0,0,0,0,0,0,0,0,0,0,0-0278,1278,2278,3281,4281,5281,0,0,0,0,0,0,0,0,0,0,0,0,0,0,0,0,0,0,0-3281,4281,5281,0278,1278,2278,0,0,0,0,0,0,0,0,0,0,0,0,0,0,0,0,0,0,0-0278,1278,2278,3281,4281,5281,0,0,0,0,0,0,0,0,0,0,0,0,0,0,0,0,7331,6337,6337-3281,4281,5281,0278,1278,2278,0,0,0,0,0,0,0,0277,1277,2277,0277,1277,2277,0277,1277,2277,7336,0,0277-0278,1278,2278,0279,1279,2279,0,0,0277,1277,2277,0,0,0278,1278,2278,0278,1278,2278,0278,1278,2278,7336,6279,0278
false
-1
1
</mapData>
<pokemon>
13
2
5
5
</pokemon>
<pokemon>
16
80
3
4
</pokemon>
<pokemon>
19
10
3
5
</pokemon>








