13
Glooming forest -1x0
00,00,00,00,00,00,00,00,00,00,00,00,00,00,00,00,00,00,00,00,00,00,00,00,00-00,00,00,00,00,00,00,00,00,00,00,00,00,00,00,00,00,00,00,00,00,00,00,00,00-00,00,00,00,00,00,00,00,00,00,00,00,00,00,00,00,00,00,00,00,00,00,00,00,1345-00,00,00,00,00,00,00,00,00,00,00,00,00,00,00,00,00,00,00,00,00,00,00,00,00-00,00,00,00,00,00,00,00,00,00,00,00,00,00,00,00,00,00,00,00,00,00,00,00,00-00,00,00,00,00,00,00,00,00,00,00,00,00,00,00,00,00,00,00,00,00,00,00,00,00-00,00,10,00,00,00,00,00,00,00,00,00,00,00,00,00,00,00,00,00,00,00,00,00,00-1345,00,00,10,10,10,10,10,10,10,10,10,10,00,00,00,00,00,00,00,00,00,00,00,00-18,18,18,18,18,18,18,18,18,18,18,18,18,28,00,00,00,00,00,00,00,00,00,00,00-110,110,110,110,110,110,110,110,110,110,110,110,39,29,00,00,00,00,00,00,00,00,00,10,00-00,00,00,00,00,00,00,00,00,00,00,00,09,29,00,00,00,00,00,00,00,00,00,00,1345-00,10,00,00,00,00,00,00,00,00,00,00,09,29,00,00,00,00,00,00,00,00,00,00,00-00,00,00,00,00,00,00,00,00,00,00,00,09,29,00,00,00,00,00,00,00,00,00,00,00-00,00,00,00,00,00,00,00,00,00,00,00,09,29,00,00,00,00,00,00,00,00,00,00,00-00,10,00,00,00,00,00,00,00,00,00,00,09,29,00,00,00,00,00,00,00,00,00,00,1345-00,00,10,00,00,00,00,00,00,00,00,00,09,29,00,00,00,00,00,00,00,00,00,00,00-00,00,10,00,00,00,00,00,00,00,00,00,09,29,00,00,00,00,00,00,00,00,00,00,00-00,00,10,00,00,00,00,00,00,00,00,00,09,29,00,00,00,00,00,00,00,00,00,00,00-00,10,00,00,00,00,00,00,00,00,00,00,09,29,00,00,00,00,00,00,00,00,10,10,00-00,00,00,00,00,00,00,00,00,00,00,00,09,29,00,00,00,00,00,00,00,00,00,10,00-00,00,00,00,00,00,00,00,00,00,00,00,09,29,00,00,00,00,00,00,00,00,00,00,00-00,00,00,00,00,00,00,00,00,00,00,00,09,29,00,00,00,00,00,00,00,00,00,00,00-00,00,00,00,00,00,00,00,00,00,00,00,09,29,00,00,00,00,00,00,00,00,00,00,00-00,00,00,00,00,00,00,00,00,00,00,00,09,29,00,00,00,00,00,00,00,00,00,00,00-00,00,00,00,00,00,00,00,00,00,00,00,09,29,1345,00,00,00,00,00,00,00,00,00,00
2278,0278,1278,2278,0278,1278,2278,0278,1278,2278,0278,1278,2278,0278,1278,2278,0278,1278,2278,0278,1278,2278,0278,1278,2278-2279,0279,1279,2279,0279,1279,2279,0279,1279,2279,0279,1279,2279,0279,1279,2279,0279,1279,2279,0279,1279,2279,0279,1279,2279-2280,0280,1280,2280,0280,1280,2280,0280,1280,2280,0280,1280,2280,0280,1280,2280,0280,1280,2280,0280,1280,2280,0280,1280,2280-0,0,0,0,0,0,0,0,0,0,0,0,0,0,0,0,0,0,0,0,0,0,0,0,0-1277,2277,0,0,0,0,0,0,0,0,0,0,0,0,0,0,0,0,0,0,0,0,0,0,0-1278,2278,0,0,0,0,0,0,0,0,0,0,0,0,0,0,0,0,0,0,0,0,0,0,0-1279,2279,0,0,0,0,0,0,0,0,0,0,0,0,0,0,0,0,0,0,0,0,0,0,0-1280,2280,0,0,0,0,0,0,0,0,0,0,0,0,0,0,0,0277,1277,2277,0,0,0,0,0-0,0,0,0,0,0,0,0,0,0,0,0,0,0,0,0,0,0278,1278,2278,0,0,0,0,0-0,0,0,0,0,0,0,0,0,0,0,0,0,0,0,0,0,0279,1279,2279,0,0,0,0,0-0,0,0,0,0,0,0,0,0,0,0,0,0,0,0,0,0,0280,1280,2280,0,0,0,0,0-0,0,0,0,0,0,0,0,0,0,0,0,0,0,0,0,0,0,0,0,0,0,0,0,0-0,0,0,0,0,0,0,0,0,0,0,0,0,0,0,0,0,0,0,0,0,0,0,0,0-0,0,0,0,0,0,0,0,0,0,0,0,0,0,0,0,0,0,0,0,0,0,0,0,0-0,0,0,0,0,0,0,0,0,0,0,0,0,0,0,0,0,0,0,0,0,0,0,0,0-2277,0,0,0,0,0,0,0,0,0,0,0,0,0,0,0,0,0,0,0,0,0,0,0,0-2278,0,0,0,0,0,0,0,0,0,0,0,0,0,0,0,0,0,0,0,0,0,0,0,0-5281,0,0,0,0,0,0,0,0,0,0,0,0,0,0,0,0,0,0,0,0,0,0,0,0-2278,0,0,0,0,0,0,0,0,0,0,0,0,0,0,0,0,0277,1277,2277,0,0,0,0,0-5281,0,0,0,0,0,0,0,0,0,0,0,0,0,0,0,0,0278,1278,2278,0,0,0,0,0-2278,0,0,0,0,0,0,0,0,0,0,0,0,0,0277,1277,2277,3281,4281,5281,0277,1277,2277,0,0-5281,6279,6279,0,0,0,0,0,0,0,0,0,0,0,0278,1278,2278,0278,1278,2278,0278,1278,2278,0277,1277-2278,6280,6280,0,0,0277,1277,2277,0277,1277,2277,0,0,0,3281,4281,5281,3281,4281,5281,3281,4281,5281,0278,1278-5281,6280,6280,6279,6279,0278,1278,2278,0278,1278,2278,0,0,0,0278,1278,2278,0278,1278,2278,0278,1278,2278,3281,4281-2278,6280,6280,6280,6280,0279,1279,2279,0279,1279,2279,0,0,0,0279,1279,2279,0279,1279,2279,0279,1279,2279,0278,1278
false





-1
0
