<mapData>
Glooming forest -1x2
00,00,00,00,00,00,00,00,0346,00,0346,09,29,00,00,00,00,0346,0346,0346,00,00,00,00,00-00,00,00,00,00,00,00,00,0346,00,00,09,29,00,00,00,00,00,0346,00,00,00,00,00,00-00,00,00,00,00,00,00,0346,00,00,00,09,29,00,00,00,00,0346,00,00,0346,0346,00,00,1345-00,00,00,00,1345,00,0346,2346,2346,00,00,09,29,00,00,0346,00,00,00,00,00,0346,00,00,00-00,00,00,00,00,00,0346,00,00,2346,2346,09,29,00,00,00,00,00,00,2346,00,00,00,00,00-00,00,00,00,00,2346,0346,00,2346,2346,2346,09,29,0345,0345,0345,0345,00,00,00,0346,00,00,2346,2346-00,00,10,00,00,2346,0346,00,2346,00,00,632,732,00,00,00,00,00,00,00,0346,00,00,00,00-00,00,00,00,01,01,00,2346,2344,2344,2344,09,29,2344,1345,00,1345,01,01,01,0346,00,00,00,00-00,00,10,00,01,01,01,01,01,01,0346,09,29,0346,0346,0346,01,01,01,01,00,00,00,00,00-00,01,00,01,01,01,01,01,01,01,1345,09,48,18,18,18,18,18,18,18,18,18,28,10,00-00,01,01,01,01,01,01,01,01,1345,00,09,19,19,19,49,110,110,110,110,110,39,48,18,18-00,01,01,01,01,01,01,01,01,00,00,09,49,110,110,210,1345,00,00,00,00,010,110,110,110-00,01,01,01,00,00,2346,2344,00,1345,00,09,29,2344,00,1345,2346,1345,00,00,00,00,00,00,00-00,01,01,08,18,18,18,18,18,18,18,38,29,00,1345,00,00,00,01,01,01,00,00,00,00-18,18,18,38,49,110,110,110,110,110,110,110,210,1345,0346,00,00,00,01,01,01,00,00,00,10-110,110,110,110,210,00,2346,2344,00,00,00,0346,00,00,2346,00,00,00,00,00,00,1345,1345,0346,00-00,00,10,00,00,01,01,00,00,00,00,00,00,00,0346,00,00,00,00,00,00,00,00,00,00-00,01,01,01,01,01,01,2346,00,2344,0346,00,2346,00,00,00,00,00,00,00,00,00,00,00,00-00,01,01,01,01,01,01,2346,2346,2346,0346,2346,00,00,00,00,0346,2344,00,00,00,00,10,0346,00-00,01,01,01,01,01,01,00,00,7278,7278,2344,00,00,00,00,0346,00,2344,2344,00,00,00,0346,00-01,01,01,01,01,00,00,00,00,00,00,00,00,00,2344,00,7278,00,00,2344,00,0346,00,01,01-00,00,00,00,00,00,00,00,00,00,00,00,00,00,00,00,00,00,00,00,00,00,01,01,01-00,00,00,00,00,00,00,00,00,00,00,00,00,00,00,00,00,00,00,2345,00,00,01,01,01-00,00,00,00,00,00,00,00,00,00,00,00,00,00,00,00,00,00,00,00,00,00,01,01,01-00,00,00,00,00,00,00,00,00,00,00,00,00,00,00,00,00,00,00,00,00,00,00,01,01
0279,1279,2279,0280,1280,2280,0,0,0278,1278,2278,0,0,0279,1279,2279,3281,4281,5281,0279,1279,2279,5336,6280,3281-0280,1280,2280,0,5335,6335,6335,7335,0279,1279,2279,0,0,0280,1280,2280,0278,1278,2278,0280,1280,2280,5336,6280,3280-0,6279,6279,0,5336,6336,6336,7336,0280,1280,2280,0,0,0,0,0,3281,4281,5281,6279,5335,6335,6336,6280,3281-6279,6280,6280,0,5337,6337,6337,7337,0,0,0,0,0,0,0,0,0278,1278,2278,6280,5336,6279,6279,6280,0278-6280,6280,6280,0,0,0,0,0,0,0,0,0,0,0,0,0,0279,1279,2279,6280,5336,6280,6280,6280,0279-6280,6280,6281,0,0,0,0,0,0,0,0,0,0,0,0,0,0280,1280,2280,6281,5336,6281,6280,6280,0280-6280,6280,5335,6335,6335,6335,6335,6335,6335,6335,6335,0,0,6335,6335,6335,6335,6335,6335,6335,6336,0,6281,6281,0-6281,6281,5336,0,0,0,0,0,0,0,0,0,0,0,0,0,0,0,0,0,0,0,0,0,0-6335,6335,6336,0,0,0,0,0,0,0,0,0,0,0,0,0,0,0,0,0,0,0,0,0,0-0,0,0,0,0,0,0,0,0,0,0,0,0,0,0,0,0,0,0,0,0,0,0,0,0-0,0,0,0,0,0,0,0,0,0,0,0,0,0,0,0,0,0,0,0,0,0,0,0,0-0,0,0,0,0,0,0,0,0,0,0,0,0,0,0,0,0,0,0,0,0,0,0,0,0-0,0,0,0,0,0,0,0,0,0,0,0,0,0,0,0,0,0,0,0,0,0,0,0,0-0,0,0,0,0,0,0,0,0,0,0,0,0,0,0,0,0,0,0,0,0,0,0,0,0-0,0,0,0,0,0,0,0,0,0,0,0,0,0,0,0,7277,7277,0,0,0,0,0,0,0-0,0,0,0,0,0,0,0,0,0,0,0,0,0,0,7277,7277,7277,7277,7277,7277,7277,7277,7277,0-0,0,0,0,0,0,0,0,0,0,0,0,0,0,7277,7277,7277,7277,7277,7277,7277,7277,7277,7277,0-0,0,0,0,0,0,0,0,0,0,0,0,7277,7277,7277,7277,7277,7277,7277,7277,7277,7278,7278,7277,0-0,0,0,0,0,0,0,0,0,7277,7277,7277,7277,7277,7277,7277,7277,7277,7278,7278,7278,7278,0,7278,0-0,0,0,0,0,0,0,0,0277,1277,2277,7278,7278,7278,7278,7278,7277,7277,7277,0,3332,4332,4332,4332,4332-0,0,0,0,0,0277,1277,2277,0278,1278,2278,0277,1277,2277,0277,1277,2277,7278,7278,0,3333,0,0,0,0-1277,2277,0277,1277,2277,0278,1278,2278,3281,4281,5281,0278,1278,2278,0278,1278,2278,0277,1277,2277,3333,0,0,0,0-1278,2278,0278,1278,2278,3281,4281,5281,0278,1278,2278,3281,4281,5281,3281,4281,5281,0278,1278,2278,3333,0,0,0,0-4281,5281,3281,4281,5281,0278,1278,2278,3281,4281,5281,0278,1278,2278,0278,1278,2278,3281,4281,5281,3333,0,0,0,0-1278,2278,0278,1278,2278,3281,4281,5281,0278,1278,2278,3281,4281,5281,3281,4281,5281,0278,1278,2278,3333,0,0,0,0
false
-1
2
kevin
</mapData>
<pokemon>
13
20
4
6
</pokemon>
<pokemon>
14
10
5
5
</pokemon>
<pokemon>
16
40
3
8
</pokemon>
<pokemon>
19
30
3
7
</pokemon>
<pokemon>
23
2
5
5
</pokemon>








