<mapData>
Glooming forest 0x2
00,00,00,00,00,00,00,00,00,00,00,00,00,00,00,00,00,00,00,00,00,00,00,00,00-00,00,00,00,00,00,00,00,00,00,00,00,00,00,00,00,00,00,00,00,00,00,00,00,00-00,00,00,00,00,00,00,00,00,00,00,00,00,00,00,00,00,00,00,00,00,00,00,00,00-00,00,00,00,00,00,00,00,00,00,00,00,00,00,00,00,00,00,00,00,00,00,00,00,00-00,00,00,00,00,00,00,00,00,00,00,00,00,00,00,00,00,00,00,00,00,00,00,00,00-00,00,00,00,00,00,00,00,00,00,00,00,00,00,00,00,00,00,00,00,00,00,00,00,00-00,00,10,00,00,00,00,00,00,00,00,00,00,00,00,00,00,00,00,00,00,00,00,00,00-00,00,00,00,00,00,00,00,00,00,00,00,00,00,00,00,00,00,00,08,18,18,28,00,00-00,00,10,00,00,00,00,00,00,00,00,00,00,00,00,00,00,00,00,09,19,19,29,00,00-00,00,00,00,00,00,00,00,00,00,00,00,00,00,00,00,00,00,00,010,39,19,48,18,18-18,18,18,28,00,00,00,00,00,00,00,00,00,00,00,00,00,00,00,00,09,19,19,49,110-110,39,19,29,00,00,00,00,00,00,00,00,00,00,00,00,00,00,00,00,010,110,110,210,00-10,010,110,210,00,00,00,00,00,00,00,00,00,00,00,00,00,00,00,00,00,00,00,00,00-00,00,00,00,00,00,00,00,00,10,00,00,00,00,00,00,00,00,00,00,00,00,00,00,00-00,10,00,00,00,00,00,00,631,731,00,00,00,00,00,00,00,00,00,00,00,00,00,00,10-00,00,10,00,00,00,00,00,00,00,00,00,00,00,00,00,00,00,00,00,00,00,00,00,00-00,00,10,00,00,00,00,00,00,00,00,00,00,59,69,69,69,69,79,00,00,00,00,00,00-00,00,10,00,00,01,00,00,00,00,00,00,00,510,610,610,610,610,710,00,00,00,00,00,00-00,10,00,00,01,01,00,00,00,59,69,69,69,310,610,610,610,610,710,00,00,00,10,10,00-00,00,00,00,01,01,01,00,00,510,610,610,610,610,610,610,610,610,410,69,79,00,00,10,00-01,01,01,01,01,01,01,01,00,510,610,610,610,610,610,610,610,610,610,610,710,00,00,00,00-01,01,01,01,01,01,01,01,00,511,611,311,610,610,610,610,411,611,611,611,711,00,00,00,00-01,01,01,01,01,01,01,01,01,00,00,510,610,610,610,610,710,00,00,00,00,00,00,00,00-01,01,01,01,01,01,01,01,01,01,00,511,611,611,611,611,711,00,00,00,00,00,00,00,00-01,01,01,01,01,01,01,01,01,01,01,01,00,00,00,00,00,00,00,00,00,00,00,00,00
4281,5281,3281,4281,5281,3281,4281,5281,0278,1278,2278,3281,4281,5281,3281,4281,5281,0278,1278,2278,0278,1278,2278,3281,4281-1278,2278,0278,1278,2278,0278,1278,2278,3281,4281,5281,0278,1278,2278,0278,1278,2278,3281,4281,5281,3281,4281,5281,0278,1278-4281,5281,3281,4281,5281,3281,4281,5281,0278,1278,2278,3281,4281,5281,3281,4281,5281,0278,1278,2278,0278,1278,2278,3281,4281-1278,2278,0278,1278,2278,0278,1278,2278,3281,4281,5281,0278,1278,2278,0278,1278,2278,0279,1279,2279,0279,1279,2279,0278,1278-1279,2279,0279,1279,2279,0279,1279,2279,0278,1278,2278,0279,1279,2279,0279,1279,2279,0280,1280,2280,0280,1280,2280,0279,1279-1280,2280,0280,1280,2280,0280,1280,2280,0279,1279,2279,0280,1280,2280,0280,1280,2280,0,0,0,0,0,0,0280,1280-0,0,7277,7277,7277,7277,7277,0,0280,1280,2280,7277,7277,7277,7277,0,0,0,0,0,0,0,0,0,0-0,0,7277,7277,7277,7277,7277,7277,7277,7277,7277,7277,7277,7277,7277,0,0,0,0,0,0,0,0,0,0-0,0,7278,7278,7278,7278,7277,7277,7277,7278,7278,7278,7277,7277,7278,0,0,0,0,0,0,0,0,0,0-0,0,0,0,0,0,7278,7278,7278,0,0,0,7278,7278,0,0,0,0,0,0,0,0,0,0,0-0,0,0,0,0,0,0,0,0,0,0,0,0,0,0,0,0,0,0,0,0,0,0,0,0-0,0,0,0,0,0,0,0,0,0,0,0,0,0,0,0,0,0,0,0,0,0,0,0,0-0,0,0,0,0,0,0,0,0,0,0,0,0,0,0,0,0,0,0,0,0,0,0,6279,6279-0,0,0,0,0,0,0,0,0,0,0,0,3332,4332,4332,4332,4332,4332,4332,4332,4332,5332,6279,6280,6280-0,0,0,3332,4332,4332,4332,4332,0,0,4332,4332,1332,0,0,0,0,0,0,0,0,5333,6280,6280,6280-0,0,0,3333,0,0,0,0,0,0,0,0,0,0,0,0,0,0,0,0,0,5333,6281,6280,6280-0,0,0,3333,0,0,0,0,0,0,0,0,0,0,0,0,0,0,0,0,0,5333,0,6280,6280-0,0,0,3333,0,0,0,0,0,0,0,0,0,0,0,0,0,0,0,0,0,5333,0,6281,6281-0,0,0,3333,0,0,0,0,0,0,0,0,0,0,0,0,0,0,0,0,0,5333,0,0,0-4332,4332,4332,1332,0,0,0,0,0,0,0,0,0,0,0,0,0,0,0,0,0,1332,4332,5332,0-0,0,0,0,0,0,0,0,0,0,0,0,0,0,0,0,0,0,0,0,0,0,0,5333,0-0,0,0,0,0,0,0,0,0,0,0,0,0,0,0,0,0,0,0,0,0,0,0,5333,0-0,0,0,0,0,0,0,0,0,0,0,0,0,0,0,0,0,0,0,0,0,0,0,5333,0-0,0,0,0,0,0,0,0,0,0,0,0,0,0,0,0,0,0,0,0,0,0,0,5333,0-0,0,0,0,0,0,0,0,0,0,0,0,0,0,0,0,0,0,0,0,0,0,0,1332,5333
false
0
2

</mapData>
<pokemon>
10
10
6
7
</pokemon>
<pokemon>
18
80
5
10
</pokemon>
<pokemon>
19
9
6
10
</pokemon>
<pokemon>
25
1
5
5
</pokemon>








