<mapData>
Glooming forest own house f1
4371,4371,4371,4373,4373,4371,4371,4371,4371,4373-4371,4371,4371,4371,4371,4371,4371,4371,4371,4374-4371,4371,4371,4371,4371,4371,4371,4371,4371,4371-4371,3371,3371,3371,3371,3371,3371,3371,3371,3371-4371,3371,3371,3371,3371,3371,3371,3371,3371,3371-4371,3371,3371,3371,3371,3371,3371,3371,3371,3371-4371,3371,3371,3371,3371,3371,3371,3371,3371,3371-4371,3371,3371,3371,3371,3371,3371,3371,3371,3371-4371,3371,3371,3371,3371,3371,3371,3371,3371,3371-4371,3371,3371,3371,3371,3371,3371,3371,3371,3371-4371,3371,3371,3371,3371,3371,3371,3371,3371,3371-4371,3371,3371,3371,3371,3371,3371,3371,3371,3371-4371,3371,3371,3371,3371,3371,3371,3371,3371,3371-4371,3371,3371,3371,3371,3371,3371,3371,3371,3371-4371,3371,3371,3371,3371,3371,3371,3371,3371,3371
4373,5377,6377,0381,1381,4373,4373,4373,4373,7373-4374,5378,6378,0382,1382,4374,4374,4374,4374,7374-0,0,0,0383,1383,4401,3396,4396,0,0-0,0,0,0,0,0,3397,4397,0,0-0,0,0,0,0,0,0,0,0,0-0398,1398,2398,0,0,0,0,0,0,0-0399,1399,2399,0,0,0,0,0,0,0-0400,1400,2400,0,0,0,0,0,0,0-0,0,0,0,0,0,0,0,0,7381-0,0,0,0,0,0,0,0,0,7382-0,0,0,0,0,0,0,0,0,7383-0,0,0,0,0,0,0,0,0,0-0,0,0,0,0,0,0,0,0,0-0,6399,0,0,0,0,0,0,6399,0-0,0,0,0,0,0,0,0,0,0
false
null
null
kevin
</mapData>

<mapTransition>
8
2
WZZudjJwatHC51k



true
false
false
false




IrdtJc9SqStp28T
</mapTransition>
<mapTransition>
8
2
haiZJvI3zx65V4x



true
false
false
false




XDdRo8cQDvkRGh8
</mapTransition>
<mapTransition>
8
3
9pkwOeXxtHxg0cV



true
false
false
false




2HGogFwo0twZqgD
</mapTransition>
<mapTransition>
8
3
J724KhLgzvkex4s



true
false
false
false




aOJd5F1FWzgU7VP
</mapTransition>

<computerAction>
9
10
XrjUyEr3retpTMJ



true
false
false
false




</computerAction>


<mapMessage>
9
1
rXyMZK26J30sSvw



false
true
false
false




Todo-list: become the #1 pokemon master in the world!
</mapMessage>













