Glooming forest -3x1
00,00,00,00,00,00,00,00,00,00,00,00,00,00,00,00,00,00,00,00,00,00,00,00,00-00,00,00,00,00,00,00,00,00,00,00,00,00,00,00,00,00,00,00,00,00,00,00,00,00-00,00,00,00,00,00,00,00,00,00,00,00,00,00,00,00,00,00,00,00,00,00,00,00,00-00,00,00,00,00,00,00,00,00,00,00,00,00,00,00,00,00,00,00,00,00,00,00,00,00-00,00,00,00,00,00,00,00,00,00,00,00,00,00,00,00,00,00,00,00,00,00,00,00,00-00,00,00,00,00,00,00,00,00,00,00,00,00,00,00,00,00,00,00,00,00,00,00,00,00-00,00,10,00,00,00,00,00,00,00,00,00,00,00,00,00,00,00,00,00,00,00,00,00,00-00,00,00,00,00,00,00,00,00,00,00,00,00,00,00,00,00,00,00,00,00,00,00,00,00-00,00,10,00,01,01,01,00,00,00,00,00,00,00,00,00,00,00,00,00,00,00,00,00,00-00,00,00,00,01,01,01,00,00,00,00,00,00,00,00,00,00,00,00,00,00,00,00,10,00-00,00,00,01,01,01,01,00,00,00,00,00,00,00,00,00,00,00,00,00,00,00,00,00,00-00,10,00,01,01,01,01,01,01,08,18,19,28,00,00,00,00,00,00,00,00,00,00,00,00-00,00,00,01,01,01,01,01,01,09,19,19,29,00,00,00,00,00,00,00,00,00,00,00,00-00,00,00,00,01,01,01,01,01,09,19,19,48,18,18,18,18,18,28,00,00,00,00,00,00-00,10,00,00,01,01,01,01,01,010,110,110,110,110,110,110,110,39,29,00,00,00,00,00,10-00,00,10,01,01,01,01,01,01,01,00,00,00,00,00,00,00,09,29,00,00,00,00,00,00-00,00,10,01,01,01,01,01,01,00,00,00,00,00,00,00,00,09,48,18,18,18,18,18,18-00,00,10,00,01,01,01,00,00,00,00,00,00,00,00,00,00,010,110,110,110,110,110,110,110-00,10,00,00,00,00,00,00,00,00,00,00,00,00,00,00,00,00,00,00,00,00,10,10,00-00,00,00,00,00,00,00,00,00,00,00,00,00,00,00,00,00,00,00,00,00,00,00,10,00-00,00,00,00,00,00,00,00,00,00,00,00,00,00,00,00,00,00,00,00,00,00,00,00,00-00,00,00,00,00,00,00,00,00,00,00,00,00,00,00,00,00,00,00,00,00,00,00,00,00-00,00,00,00,00,00,00,00,00,00,00,00,00,00,00,00,00,00,00,00,00,00,00,00,00-00,00,00,00,00,00,00,00,00,00,00,00,00,00,00,00,00,00,00,00,00,00,00,00,00-00,00,00,00,00,00,00,00,00,00,00,00,00,00,00,00,00,00,00,00,00,00,00,00,00
3281,4281,5281,0278,1278,2278,0278,1278,2278,3281,4281,5281,3281,4281,5281,3281,4281,5281,0278,1278,2278,0278,1278,2278,3281-0278,1278,2278,3281,4281,5281,3281,4281,5281,0278,1278,2278,0278,1278,2278,0278,1278,2278,3281,4281,5281,3281,4281,5281,0278-3281,4281,5281,0278,1278,2278,0278,1278,2278,3281,4281,5281,3281,4281,5281,3281,4281,5281,0278,1278,2278,0278,1278,2278,0279-0278,1278,2278,3281,4281,5281,0279,1279,2279,0278,1278,2278,0278,1278,2278,0278,1278,2278,3281,4281,5281,0279,1279,2279,0280-3281,4281,5281,0278,1278,2278,0280,1280,2280,0279,1279,2279,0279,1279,2279,0279,1279,2279,0278,1278,2278,0280,1280,2280,7277-0278,1278,2278,0279,1279,2279,0,0,0,0280,1280,2280,0280,1280,2280,0280,1280,2280,0279,1279,2279,0,0,7277,7277-3281,4281,5281,0280,1280,2280,0,0,440,540,640,640,640,640,745,0,0,0,0280,1280,2280,0,0,7277,7277-0278,1278,2278,0,0,0,0,0,441,541,541,541,541,541,746,0,0,0,0,0,0,0,716,7277,7277-3281,4281,5281,0,0,0,0,0,442,542,542,542,542,542,747,0,0,0,0,0,0,0,718,7278,7278-0278,1278,2278,0,0,0,0,0,443,543,643,743,548,648,748,0,0,0,0,0,0,0,718,0,0-3281,4281,5281,0,0,0,0,0,444,544,644,744,549,649,749,0,0,0,0,0,0,0,718,0,0-0278,1278,2278,0,0,0,0,0,0,0,0,0,0,0217,0,0,0,520,620,620,620,620,719,0,0-3281,4281,5281,0,0,0,0,0,0,0,0,0,0,0218,0,0,0,0,0,0,0,0,0,0,0-0278,1278,2278,0,0,0,0,0,0,0,0,0,0,0,0,0,0,0,0,0,0,0,0,0,0-3281,4281,5281,0,0,0,0,0,0,0,0,0,0,0,0,0,0,0,0,0,0,0,0,0,0-0278,1278,2278,0,0,0,0,0,0,0,0,0,0,0,0,0,0,0,0,0,0,0,0,0,0-3281,4281,5281,0,0,0,0,0,0,0,0,0,0,0,0,0,0,0,0,0,0,0,0,0,0-0278,1278,2278,0,0,0,0,0,0,0,0,0,0,0,0,0,0,0,0,0,0,0,0,0,0-3281,4281,5281,0,0,0,0277,1277,2277,0277,1277,2277,0277,1277,2277,0,0,0,0,0,0,0277,1277,2277,0-0278,1278,2278,0277,1277,2277,0278,1278,2278,0278,1278,2278,0278,1278,2278,0277,1277,2277,0277,1277,2277,0278,1278,2278,0-3281,4281,5281,0278,1278,2278,3281,4281,5281,3281,4281,5281,3281,4281,5281,0278,1278,2278,0278,1278,2278,3281,4281,5281,6279-0278,1278,2278,3281,4281,5281,0278,1278,2278,0278,1278,2278,0278,1278,2278,3281,4281,5281,3281,4281,5281,0278,1278,2278,6280-3281,4281,5281,0278,1278,2278,3281,4281,5281,3281,4281,5281,3281,4281,5281,0278,1278,2278,0278,1278,2278,3281,4281,5281,6280-0278,1278,2278,3281,4281,5281,0278,1278,2278,0278,1278,2278,0278,1278,2278,3281,4281,5281,3281,4281,5281,0278,1278,2278,6280-3281,4281,5281,0278,1278,2278,3281,4281,5281,3281,4281,5281,3281,4281,5281,0278,1278,2278,0278,1278,2278,3281,4281,5281,6280
false
21;2;3;5;19;10;3;4;16;60;3;4;




-3
1


