<mapData>
Glooming forest -1x3
00,00,00,00,30,00,00,00,20,00,00,00,00,00,00,00,00,00,00,00,10,00,00,01,01-00,00,00,00,00,00,00,00,30,00,00,00,00,00,00,00,00,00,00,00,00,30,01,01,01-00,00,00,00,00,00,00,00,00,00,00,00,00,00,00,30,00,00,00,00,00,00,01,01,01-00,00,00,00,00,00,00,00,30,00,00,00,00,20,00,00,00,10,30,00,00,00,00,01,00-00,00,00,00,00,00,00,00,00,10,00,00,30,00,00,00,00,00,00,00,00,00,00,00,00-00,00,00,00,00,00,00,00,00,00,00,00,00,00,00,10,00,00,00,00,00,00,00,00,00-00,00,00,00,00,00,30,00,00,00,00,00,00,00,00,00,00,00,20,30,00,00,30,00,00-00,00,10,00,10,00,00,00,00,00,00,00,00,00,00,00,00,00,00,00,00,00,00,00,00-10,00,00,00,00,00,00,00,00,00,00,00,00,10,00,00,00,00,00,10,00,00,00,00,00-00,00,00,00,00,00,00,00,00,00,00,00,00,00,00,20,00,00,00,00,20,00,30,00,00-00,00,00,00,00,00,00,00,10,00,00,00,00,00,00,00,00,00,10,00,00,00,00,00,30-00,00,00,00,00,00,00,00,00,00,00,00,10,00,30,00,20,00,00,30,00,20,00,00,00-00,00,00,00,00,00,00,00,00,00,00,00,00,00,00,00,00,00,10,00,00,00,00,00,00-00,00,00,00,00,00,00,00,30,00,00,00,00,00,00,00,30,00,00,30,00,00,00,00,00-00,00,00,00,00,00,20,00,00,20,00,00,00,00,00,00,00,00,00,00,00,30,00,00,00-00,00,00,00,00,00,00,00,00,00,00,00,00,00,00,00,00,00,00,00,00,00,00,00,00-20,00,00,00,00,10,20,00,00,10,20,00,20,00,00,00,20,00,00,00,00,00,00,00,00-00,00,00,00,00,00,00,00,00,00,00,00,00,00,00,00,00,00,00,00,00,00,00,20,00-00,00,00,00,00,00,00,00,00,00,00,00,00,00,10,00,00,00,00,00,00,00,10,00,00-00,00,00,00,00,00,00,00,00,00,00,00,00,00,30,00,00,00,00,00,00,00,00,00,00-00,00,00,20,00,00,00,00,00,00,00,00,00,00,00,00,00,00,00,20,00,00,00,00,00-00,00,00,00,00,00,00,00,00,00,20,00,00,00,00,00,00,00,00,00,00,10,00,00,00-00,00,00,00,20,00,00,00,00,00,00,20,00,00,00,20,00,00,00,00,00,00,00,00,00-00,00,00,00,00,00,00,00,00,20,00,20,00,10,00,00,00,00,10,10,00,00,00,00,00-00,00,00,00,00,00,00,00,00,00,00,00,00,00,00,00,00,00,00,00,00,00,00,00,00
1278,2278,0278,1278,2278,0278,1278,2278,3281,4281,5281,0278,1278,2278,0278,1278,2278,3281,4281,5281,0230,0,0,0,0-4281,5281,3281,4281,5281,3281,4281,5281,0278,1278,2278,3281,4281,5281,3281,4281,5281,0278,1278,2278,0230,0,0,0,0-1278,2278,0278,1278,2278,0278,1278,2278,3281,4281,5281,0278,1278,2278,0278,1278,2278,3281,4281,5281,0230,0,0,0,0-1279,2279,3281,4281,5281,3281,4281,5281,0278,1278,2278,3281,4281,5281,3281,4281,5281,0278,1278,2278,0230,0,0,0,0-1280,2280,0278,1278,2278,0278,1278,2278,3281,4281,5281,0278,1278,2278,0278,1278,2278,3281,4281,5281,0231,1231,1231,1231,1231-0,0,0279,1279,2279,3281,4281,5281,0278,1278,2278,3281,4281,5281,3281,4281,5281,0278,1278,2278,0,0,0,0,0-0,0,0280,1280,2280,0278,1278,2278,3281,4281,5281,0278,1278,2278,0278,1278,2278,3281,4281,5281,0,0,0,0,0-0,0,0,0,0,0279,1279,2279,0278,1278,2278,3281,4281,5281,3281,4281,5281,0278,1278,2278,0,0,0277,1277,2277-0,0,0,0,0,0280,1280,2280,3281,4281,5281,0278,1278,2278,0278,1278,2278,3281,4281,5281,0,0,0278,1278,2278-0,0,0,0,0,0,0,0,0278,1278,2278,3281,4281,5281,3281,4281,5281,0278,1278,2278,0,0,3281,4281,5281-0,0,0,0,0,0,0,0,0279,1279,2279,0278,1278,2278,0278,1278,2278,0279,1279,2279,0,0,0278,1278,2278-0,0,0,0,0,0,0,0,0280,1280,2280,0279,1279,2279,0279,1279,2279,0280,1280,2280,0,0,3281,4281,5281-0,0,0,0,0,0,0,0,0,0,0,0280,1280,2280,0280,1280,2280,0,0,0,0,0,0278,1278,2278-0,0,0,0,0,0,0,0,0,0,0,0,0,0,0,0,0,0,0,0277,1277,2277,3281,4281,5281-0,0,0,0,0,0,0,0,0,0,0,0,0,0,0,0,0,0,0,0278,1278,2278,0278,1278,2278-0,0,0,0,0,0,0,0,0,0,0,0,0,0,0,0,0,0,0,3281,4281,5281,3281,4281,5281-0,0,0,0,0,0,0,0,0,0,0,0,0,0,0,0,0277,1277,2277,0278,1278,2278,0278,1278,2278-0,0,0,0,0,0,0,0,0,0,0,0,0,0277,1277,2277,0278,1278,2278,3281,4281,5281,3281,4281,5281-0,0,0,0,0,0,0,0,0,0,0,0,0,0278,1278,2278,3281,4281,5281,0278,1278,2278,0278,1278,2278-0,0,0,0,0,0,0,0,0,0,0277,1277,2277,3281,4281,5281,0278,1278,2278,3281,4281,5281,3281,4281,5281-0,0,0,0,0,0,0,0,0,0,0278,1278,2278,0278,1278,2278,3281,4281,5281,0278,1278,2278,0278,1278,2278-0,0,0,0,0,0,0,0,0,0,3281,4281,5281,3281,4281,5281,0278,1278,2278,3281,4281,5281,3281,4281,5281-0,0,0,0,0,0,0,0,0,0,0278,1278,2278,0278,1278,2278,3281,4281,5281,0278,1278,2278,0278,1278,2278-0,0,0,0,0,0,0,0,0,0,3281,4281,5281,3281,4281,5281,0278,1278,2278,3281,4281,5281,3281,4281,5281-0,0,0,0,0,0,0,0,0,0,0278,1278,2278,0278,1278,2278,3281,4281,5281,0278,1278,2278,0278,1278,2278
false
-1
3
kevin
</mapData>
<pokemon>
16
95
5
10
</pokemon>
<pokemon>
25
5
4
10
</pokemon>
















