<mapData>
Glooming forest
10,00,00,00,10,20,00,00,20,00,09,29,00,00,00,00,00,00,00,00,30,00,01,01,01-00,00,00,00,00,00,00,00,00,00,09,29,00,00,00,00,00,00,00,00,00,01,01,01,01-00,00,00,00,00,00,00,00,00,00,09,29,00,00,00,00,00,00,10,00,01,01,01,01,01-00,00,00,00,00,00,00,10,00,00,09,29,00,00,00,00,00,10,00,10,00,00,00,01,01-00,00,00,30,00,00,00,00,00,00,09,48,18,28,00,00,00,00,00,00,20,01,00,00,01-00,00,00,00,00,00,00,00,00,00,010,110,39,29,00,00,30,00,00,10,00,00,00,00,00-00,00,00,00,00,00,00,00,00,00,00,00,09,29,00,00,00,00,00,00,00,00,00,00,00-00,00,10,00,30,30,00,00,00,00,00,00,09,29,00,00,30,00,00,00,00,00,00,00,20-20,00,00,00,00,00,00,00,00,00,00,00,09,29,00,00,00,00,00,00,00,00,00,30,00-00,00,00,00,00,00,00,00,30,00,00,00,09,29,00,00,00,00,00,00,00,00,00,00,00-00,00,00,00,00,00,00,00,00,00,30,00,09,29,20,00,00,00,00,00,20,00,00,00,00-00,00,00,00,00,00,00,00,00,00,00,00,09,29,00,00,30,00,00,00,00,10,00,00,30-18,18,18,18,18,18,18,18,18,18,18,18,38,29,00,00,00,00,00,00,00,00,00,00,00-110,110,110,110,110,110,110,110,110,110,110,110,110,210,00,00,00,00,00,00,00,00,00,00,00-00,00,20,00,00,10,00,00,00,00,00,00,00,00,00,00,00,00,00,00,00,00,00,00,00-00,00,00,00,00,00,00,00,00,00,00,00,00,00,00,10,00,00,00,00,00,10,00,00,00-00,00,00,01,01,01,01,00,00,00,00,00,00,00,00,00,00,00,10,00,00,00,00,00,00-10,00,00,00,01,01,01,01,01,00,00,01,01,01,20,01,01,00,00,00,00,00,00,00,00-00,00,00,00,00,01,01,01,01,01,01,01,01,01,01,01,01,01,00,00,00,00,00,00,00-00,00,00,00,00,00,01,01,01,01,01,01,01,01,01,00,01,01,01,00,00,00,00,00,00-00,00,00,00,00,00,01,01,01,01,01,01,01,01,00,00,00,01,01,01,00,00,00,00,00-00,00,00,00,00,00,00,01,01,01,01,01,01,00,00,00,20,00,00,00,20,00,00,00,00-00,00,00,00,00,00,00,01,01,01,01,01,00,00,00,00,00,00,00,00,00,00,00,00,00-00,00,00,00,00,00,00,00,01,01,01,00,00,00,00,00,00,00,00,00,00,00,00,00,00-00,00,00,00,00,00,00,00,01,01,00,00,00,00,00,00,00,10,00,00,00,00,00,00,00
3281,4281,5281,0278,1278,2278,0,0,0,0,0,0,0,0,0,0,0,0,0,0,0,0,0,0,0-0278,1278,2278,3281,4281,5281,0,0,0,0,0,0,0,0,0,0,0,0,0,0,0,0,0,0,0-3281,4281,5281,0278,1278,2278,0,0,0,0,0,0,0,0,0,0,0,0,0,0,0,0,0,0,0-0278,1278,2278,3281,4281,5281,0,0,0,0,0,0,0,0,0,0,0,0,0,0,0,0,0,0,0-3281,4281,5281,0278,1278,2278,0,0,0,0,0,0,0,0,0,0,0,0,0,0,0,0,0,0,0-0278,1278,2278,3281,4281,5281,0,0,0,0,0,0,0,0,0,0,0,0,0,0,0,0,0,0,0-3281,4281,5281,0278,1278,2278,0,0,0,0,0,0,0,0,0,0,0,0,0,0,0,0,0,0,0-0278,1278,2278,0279,1279,2279,0,0,0,0,0,0,0,0,0,0,0,0,0,0,0,0,0,0,0-0279,1279,2279,0280,1280,2280,0,0,0,0,63,0,0,0,0,0,0,0,0,0,0,0,0,0,0-0280,1280,2280,0,0,0,0,0,0,54,64,74,0,0,0,0,0,0,0,0,0,0,0,0,0-0,0,0,0,0,0,0,0,0,57,67,77,0,0,0,0,0,0,0,0,0,0,0,0,0-0,0,0,0,0,0,0,0,0,58,68,78,0,0,0,0,0,0,0,0,0,0,0,0,0-0,0,0,0,0,0,0,0,0,0,0,0,0,0,0,0,0,0,0,0,0,0,0,0,0-0,0,0,0,0,0,0,0,0,0,0,0,0,0,0,0,0,0,0,0,0,0,0,0,0-0,0,0,0,0,0,0,0,0,0,0,0,0,0,0,0,0,0,0,0,0,0,0,0,0-0,0,0,0,0,0,0,0,0,0,0,0,0,0,0,0,0,0,0,0,0,0,0,0,0-0,0,0,0,0,0,0,0,0,0,0,0,0,0,0,0,0,0,0,0,0,0,0,0,0-0,6279,6279,6279,0,0,0,0,0,0,0,0,0,0,0,0,0,0,0,0,0,0,0,0,0-6279,6280,6280,6280,6279,0,0,0,0,0,0,0,0,0,0,0,0,0,0,0,0,0,0,0,0-6280,6280,6280,6280,6280,6279,0,0,0,0,0,0,0,0,0,0,0,0,0,0,0,0,0,0,0-6280,6280,6280,6280,6280,6280,0,0,0,0,0,0,0,0,0,0,0,0,0,0,0,0,0,0,0-6280,6280,6280,6280,6280,6280,6279,0,0,0,0,0,0,0,0,0,0,0,0,0,0,0,0,0,0-6280,6280,6280,6280,6280,6280,6280,0,0,0,0,0,0,0,0,0,0,0,0,0,0,0,0,0,0-6280,6280,6280,6280,6280,6280,6280,6279,0,0,0,0,0,0,0,0,0,0,0,0,0,0,0,0,0-6280,6280,6280,6280,6280,6280,6280,6280,0,0,0,0,0,0,0,0,0,0,0,0,0,0,0,0,0
false
2
2

</mapData>








