Glooming forest -2x2
00,00,00,00,00,00,00,00,00,00,00,00,00,00,00,00,00,00,00,00,00,00,00,00,00-00,00,00,00,00,00,00,00,00,00,00,00,00,00,00,00,00,00,00,00,00,00,00,00,00-00,00,00,00,00,00,00,00,00,00,00,00,00,00,00,00,00,00,00,00,00,00,00,00,00-00,00,00,00,00,00,0345,00,00,00,00,00,00,00,00,00,00,00,00,00,00,00,00,00,00-00,00,00,00,00,00,00,00,00,00,00,00,00,00,00,00,00,00,00,00,00,00,00,00,00-00,00,00,00,00,00,00,00,00,00,00,00,00,00,00,00,00,00,00,00,00,00,00,00,00-00,00,10,00,00,00,00,00,00,00,00,00,00,00,00,00,00,00,00,00,00,00,00,00,00-00,00,00,08,18,18,18,18,18,28,00,00,00,00,00,00,00,00,00,00,00,00,00,00,00-00,00,10,09,49,110,110,110,39,29,00,00,00,00,00,00,00,00,00,00,00,00,00,00,00-00,00,00,09,29,00,00,00,09,48,18,28,00,00,00,00,0345,00,00,00,00,00,00,10,00-00,00,00,09,29,00,00,00,09,19,19,48,18,18,18,18,18,18,18,18,18,28,00,00,00-00,10,00,09,29,00,00,00,09,49,110,110,110,110,110,110,110,110,110,110,39,29,00,00,00-00,00,00,09,29,00,00,00,09,29,00,00,00,00,00,00,00,00,00,00,09,29,00,00,00-00,00,00,09,48,18,18,18,38,29,00,00,00,00,00,00,00,00,00,00,09,29,00,00,00-00,10,00,010,110,110,110,110,110,210,00,00,00,00,00,00,00,00,00,00,09,48,18,18,18-00,00,10,00,01,01,01,00,00,00,00,01,01,00,00,00,00,00,00,00,010,110,110,110,110-00,00,10,01,01,01,01,01,01,01,01,01,00,01,00,00,00,00,00,00,00,00,00,00,00-00,00,10,01,01,01,01,01,01,01,01,01,01,00,00,00,00,00,00,00,00,00,00,00,00-00,10,00,01,01,01,01,01,01,01,01,01,01,00,00,00,00,00,00,00,00,00,10,10,00-00,00,00,01,01,01,01,01,01,01,00,01,01,00,00,00,00,00,00,00,00,00,00,10,00-00,00,00,00,01,01,00,01,01,01,01,00,00,00,00,00,00,00,00,00,00,00,00,00,00-00,00,00,00,00,00,00,00,00,00,00,00,00,00,00,00,00,00,00,00,00,00,00,00,1345-00,00,00,00,00,00,00,00,00,00,00,00,00,00,00,00,00,00,00,00,00,00,00,00,1345-00,00,00,00,00,00,00,00,00,00,00,00,00,00,00,00,00,00,00,00,00,00,00,00,00-00,00,00,00,00,00,00,00,00,00,00,00,00,00,00,00,00,00,00,00,00,00,00,00,00
1278,2278,0278,1278,2278,6280,0278,1278,2278,6280,0278,1278,2278,0279,1279,2279,3281,4281,5281,0278,1278,2278,3281,4281,5281-4281,5281,0279,1279,2279,6280,0279,1279,2279,6280,0279,1279,2279,0280,1280,2280,0278,1278,2278,3281,4281,5281,0278,1278,2278-1278,2278,0280,1280,2280,6280,0280,1280,2280,6280,0280,1280,2280,0,0,0,3281,4281,5281,0278,1278,2278,3281,4281,5281-4281,5281,0,0,6279,6280,6279,6279,6279,6280,6279,6279,6279,0,0,0,0278,1278,2278,3281,4281,5281,0278,1278,2278-1278,2278,0,6279,6280,6280,6280,6280,6280,6280,6280,6280,6280,6279,0,0,3281,4281,5281,0278,1278,2278,3281,4281,5281-4281,5281,0,6280,6281,6281,6281,6281,6281,6280,6280,6281,6281,6280,0,0,0278,1278,2278,0279,1279,2279,0278,1278,2278-1278,2278,0,6281,0,0,0,0,0,6281,6281,0,0,6281,6279,0,3281,4281,5281,0280,1280,2280,0279,1279,2279-4281,5281,0,0,0,0,0,0,0,0,0,0,0,0,6280,0,0278,1278,2278,0,0,0,0280,1280,2280-1278,2278,0,0,0,0,0,0,0,0,0,0,0,0,6281,0,0279,1279,2279,0,0,0,0,0,0-4281,5281,0,0,0,0,0,0,0,0,0,0,0,0,0,0,0280,1280,2280,0,0,0,0,0,0-1278,2278,0,0,0,5368,6368,7368,0,0,0,0,0,0,0,0,0,0,0,0,0,0,0,0,0-4281,5281,0,0,5407,5369,6369,7369,0,0,0,0,0,0,0,0,0,0,0,0,0,0,0,0,0-1278,2278,0,0,5408,5370,6370,7370,0,0,43,0,0,0,0,0277,1277,2277,0,0,0,0,0,0,0-4281,5281,0,0,0,0,0,0,0,0,0,0,0,0,0,0278,1278,2278,0,0,0,0,0,0,0-1278,2278,0,0,0,0,0,0,0,0,0,0,0,0,0,3281,4281,5281,0,0,0,0,0,0,0-4281,5281,0,0,0,0,0,0,0,0,0,0,0,0,0,0278,1278,2278,0,0,0,0,0,0,0-1278,2278,0,0,0,0,0,0,0,0,0,0,0,0,0,3281,4281,5281,0,0,0,0,0,0,0-4281,5281,0,0,0,0,0,0,0,0,0,0,0,0,0,0278,1278,2278,0,0,0,0,0,0,0-1278,2278,0,0,0,0,0,0,0,0,0,0,0,0,0,3281,4281,5281,0277,1277,2277,0,0,0,0-4281,5281,0,0,0,0,0,0,0,0,0,0,0,0,0,0278,1278,2278,0278,1278,2278,0,0,0,0-1278,2278,0,0,0,0,0,0,0,0,0,0277,1277,2277,0,3281,4281,5281,3281,4281,5281,0,0,0,0-4281,5281,0,0,0,0277,1277,2277,0277,1277,2277,0278,1278,2278,6279,0278,1278,2278,0278,1278,2278,0277,1277,2277,0277-1278,2278,0277,1277,2277,0278,1278,2278,0278,1278,2278,3281,4281,2279,6280,3281,4281,5281,3281,4281,5281,0278,1278,2278,0278-4281,5281,0278,1278,2278,3281,4281,2279,3281,4281,2279,0278,1278,2278,6280,0278,1278,2278,0278,1278,2278,3281,4281,5281,3281-1278,2278,3281,4281,2279,0278,1278,2278,0278,1278,2278,3281,4281,2279,6280,3281,4281,5281,3281,4281,5281,0278,1278,2278,0278
false





-2
2
4;13;RNyn8n09NTaOSqS;false;
