<mapData>
Glooming forest -2x0
00,00,00,00,00,00,00,00,00,00,00,00,00,00,00,00,00,00,00,00,00,00,00,00,00-00,00,00,00,00,00,00,00,00,00,00,00,00,00,00,00,00,00,00,00,00,00,00,00,00-00,00,00,00,00,00,00,00,00,00,00,00,00,00,00,00,00,00,00,00,00,00,00,00,00-00,00,00,00,00,00,00,00,00,00,00,00,00,00,00,00,00,00,00,00,00,00,00,00,00-1280,00,00,00,00,00,00,00,00,00,00,00,00,00,00,00,00,00,00,00,00,00,00,00,00-00,00,00,00,00,00,00,00,00,00,00,00,00,00,00,00,00,00,00,00,00,00,00,00,00-00,00,10,00,00,00,00,00,00,00,00,00,00,00,00,00,00,00,00,00,00,00,00,00,00-00,00,00,00,00,00,00,00,00,00,00,00,00,00,00,00,00,00,00,00,00,00,00,00,00-00,00,10,00,00,00,00,00,00,00,00,00,00,00,00,00,00,00,00,59,69,79,08,18,18-00,00,00,00,00,00,00,00,00,00,00,00,00,00,00,00,00,00,00,510,411,711,010,110,110-00,00,00,00,00,00,00,00,00,00,00,00,00,00,00,00,00,00,00,510,710,00,00,00,00-00,10,00,00,00,00,00,00,59,69,69,69,69,69,69,610,69,69,69,310,710,00,00,00,00-00,00,00,59,69,69,610,69,310,411,611,311,411,611,611,611,611,611,611,611,711,00,00,00,00-00,00,00,511,611,611,611,611,611,711,00,510,710,00,00,00,00,00,00,00,00,00,00,00,00-00,10,00,00,00,00,00,00,00,00,00,510,710,00,00,00,00,00,00,00,00,00,00,00,10-00,00,10,00,00,00,00,00,00,00,00,510,710,00,00,00,00,00,00,00,00,00,00,00,00-00,00,10,00,00,00,00,00,00,00,00,510,710,00,00,00,00,00,00,00,00,00,00,00,00-00,00,10,00,00,00,00,00,00,00,00,510,710,00,00,00,00,00,00,00,00,00,00,00,00-00,10,00,00,00,59,69,610,69,69,69,310,710,00,00,00,00,00,00,00,00,00,10,10,00-00,00,00,00,00,510,411,611,611,311,610,610,410,69,69,69,610,69,79,00,00,00,00,10,00-00,00,00,00,00,510,710,00,00,511,611,611,611,611,611,611,611,611,711,00,00,00,00,00,00-00,00,00,00,00,510,710,00,00,00,00,00,00,00,00,00,00,00,00,00,00,00,00,00,00-00,00,00,00,00,510,710,00,00,00,00,00,00,00,00,00,00,00,00,00,00,00,00,00,00-00,00,00,00,00,510,710,00,00,00,00,00,00,00,00,00,00,00,00,00,00,00,00,00,00-00,00,00,00,00,510,710,00,00,00,00,00,00,00,00,00,00,00,00,00,00,00,00,00,00
1278,2278,3281,4281,5281,3281,4281,5281,0278,1278,2278,3281,4281,5281,0278,1278,2278,0278,1278,2278,3281,4281,5281,0278,1278-4281,5281,0278,1278,2278,0278,1278,2278,3281,4281,5281,0278,1278,2278,3281,4281,5281,3281,4281,5281,0278,1278,2278,0279,1279-1278,2278,3281,4281,5281,3281,4281,5281,0278,1278,2278,0279,1279,2279,0278,1278,2278,0278,1278,2278,0279,1279,2279,0280,1280-4281,5281,0278,1278,2278,0278,1278,2278,0279,1279,2279,0280,1280,2280,0279,1279,2279,0279,1279,2279,0280,1280,2280,0,0-1278,2278,0279,1279,2279,0279,1279,2279,0280,1280,2280,0,0,0,0280,1280,2280,0280,1280,2280,0,0277,1277,2277,0277-4281,5281,0280,1280,2280,0280,1280,2280,4280,4280,0,0,0,0,0,0,0,0,0,0,0,0278,1278,2278,0278-1278,2278,0,0,0,0,0,4280,4280,0,0,0,0,045,145,245,345,445,0,0,0,0279,1279,2279,0279-4281,5281,0,0,0,0,0,0,0,0,0,0,0,046,146,246,346,446,0,0,0,0280,1280,2280,0280-1278,2278,0,0,041,141,241,341,0,0288,1288,2288,0,047,147,247,347,447,0,0,0,0,0,0,0-4281,5281,0,0,042,142,242,342,0,0289,1289,2289,0,048,148,248,348,448,0,0,0,0,0,0,0-1278,2278,0,0,043,143,243,343,0,0290,1290,2290,0,049,149,249,349,449,0,0,0,0,0,0,0-4281,5281,0,0,044,144,244,344,0,0,0,0,0,0,0,0,0,0,0,0,0,0277,1277,2277,4280-1278,2278,0,0,0,0,0,0,0,0,0,0,0,0,0,0,0,0,0,0,0,0278,1278,2278,4280-4281,5281,0,0,0,0,0,0,0,0,0,0,0,2353,4354,4354,4354,4354,4354,4354,0,0279,1279,2279,4280-1278,2278,0277,1277,2277,0,054,154,254,254,454,0,0,0354,0,0,0,0,0,0,0,0280,1280,2280,0-4281,5281,0278,1278,2278,0,055,155,255,255,455,0,0,0354,550,650,650,650,750,0,0,0,0,0277,1277-1278,2278,0279,1279,2279,0,056,156,256,256,456,0,0,0354,551,651,651,651,751,0,0,0,0,0278,1278-4281,5281,0280,1280,2280,0,057,157,257,357,457,0,0,0354,352,452,552,652,752,0,0,0,0,3281,4281-1278,2278,0,0,0,0,0,0,0,0,0,0,0,0354,353,453,553,653,753,0,0,0,0,0278,1278-4281,5281,0,0,0,0,0,0,0,0,0,0,0,0,0,0,0,0,0,0,0,0,0,3281,4281-1278,2278,0,0,0,0,0,0,0,0,0,0,0,0,0,0,0,0,0,0,0,0,0,0278,1278-4281,5281,0,0,0,0,0,0,0,0,0,0,0,0,0277,1277,2277,0277,1277,2277,0,0,0,3281,4281-1278,2278,0277,1277,2277,0,0,0,0277,1277,2277,0277,1277,2277,0278,1278,2278,0278,1278,2278,0277,1277,2277,0278,1278-4281,5281,0278,1278,2278,0,0,0,0278,1278,2278,0278,1278,2278,3281,4281,5281,3281,4281,5281,0278,1278,2278,3281,4281-1278,2278,3281,4281,5281,0,0,0,3281,4281,5281,3281,4281,5281,0278,1278,2278,0278,1278,2278,3281,4281,5281,0278,1278
false
-2
0
</mapData>

<mapTransition>
15
11



Glooming forest center
4
9
true
false
false
</mapTransition>
<mapTransition>
6
12



Glooming forest market
5
9
true
false
false
</mapTransition>



<mapMessage>
7
18



This is the house of my good friend Kanji. He's not home right now.
true
false
false
</mapMessage>



<pvpSelectAction>
16
11



true
false
false
</pvpSelectAction>

