<mapData>
Glooming forest Gym
2402,3402,3402,3402,3402,3402,3402,3402,3402,3402,3402,3402,3402,3402,4402-2403,3403,3403,3403,3403,3403,3403,3403,3403,3403,3403,3403,3403,3403,4403-2404,3404,3404,3404,3404,3404,3404,3404,3404,3404,3404,3404,3404,3404,4404-0374,3371,3371,3371,3371,3371,3371,3371,3371,3371,3371,3371,3371,3371,2374-0374,3371,3371,3371,3371,3371,3371,3371,3371,3371,3371,3371,3371,3371,2374-0374,3371,3371,3371,3371,3371,3371,3371,3371,3371,3371,3371,3371,3371,2374-0374,3371,3371,3371,3371,3371,3371,3371,3371,3371,3371,3371,3371,3371,2374-0374,3371,3371,3371,3371,3371,3371,3371,3371,3371,3371,3371,3371,3371,2374-0374,3371,3371,3371,3371,3371,3371,3371,3371,3371,3371,3371,3371,3371,2374-0374,3371,3371,3371,3371,3371,3371,3371,3371,3371,3371,3371,3371,3371,2374-0374,3371,3371,3371,3371,3371,3371,3371,3371,3371,3371,3371,3371,3371,2374-0374,3371,3371,3371,3371,3371,3371,3371,3371,3371,3371,3371,3371,3371,2374-0374,3371,3371,3371,3371,3371,3371,3371,3371,3371,3371,3371,3371,3371,2374-0374,3371,3371,3371,3371,3371,3371,3371,3371,3371,3371,3371,3371,3371,2374-0374,3371,3371,3371,3371,3371,4371,4371,4371,3371,3371,3371,3371,3371,2374
0,0,0,0,0,0,0,0,0,0,0,0,0,0,0-0,0,0,0,0,0,0,0,0,0,0,0,0,0,0-0,0,0,0,0,0,0,0,0,0,0,0,0,0,0-0,0,0,0,0,0,0,0,0,0,0,0,0,0,0-0,0,0,0,0,0,0,0,0,0,0,0,0,0,0-0,0,0,0,0,0,0,0,0,0,0,0,0,0,0-0,0,0,0,0,0,0,0,0,0,0,0,0,0,0-0,0,0,0,0,0,3393,4393,5393,0,0,0,0,0,0-0,0,0,0,0,0,0392,1392,2392,0,0,0,0,0,0-0,0,0,0,0,0,0393,1393,2393,0,0,0,0,0,0-0,0,0,0,0,0,0,0,0,0,0,0,0,0,0-0,0,0,0,0,0,0,0,0,0,0,0,0,0,0-0,0,0,0,0,0,0,0,0,0,0,0,0,0,0-0,0,0,0,0,0,0,0,0,0,0,0,0,0,0-0,0,0,0,0,0,0,0,0,0,0,0,0,0,0
false
null
null
kevin
</mapData>

<mapTransition>
7
14
QFyiGeujxZQmflv



true
false
false
false




r6Qi2opOw2ZQq7S
</mapTransition>
<mapTransition>
7
14
PB8TwE1i0bthXuI



true
false
false
false




QWyaWU6s94MOEfN
</mapTransition>




<npcAction>
10
7
gVfhEyunJlgkOMW



true
true
false
false
/images/chars/casualgirl1.png

-16
actionObject spritely
casualgirl1
d

cePS20cZXHM9M7p
</npcAction>
<npcAction>
4
7
DoEUteSSpHvNT92



true
true
false
false
/images/chars/casualgirl1.png

-16
actionObject spritely
casualgirl1
d

sZQFwXy9jqc9ftM
</npcAction>
<npcAction>
7
5
hv9TG1lvfAVFIst
defeatAllOtherNpcOnCurrentMap

I'm not batteling you! You can't even defeat the others.
true
true
false
false
/images/chars/girl.png

-16
actionObject spritely
girl
d
Oke let's see what you got!
Hsb4uOE4qimDRvt
</npcAction>












