<mapData>
Glooming forest 1x1
01,20,00,00,00,00,00,00,00,00,00,10,20,00,00,20,00,00,00,10,00,00,20,00,00-00,00,00,00,00,00,00,00,00,00,00,00,00,00,10,00,00,00,00,00,00,00,00,00,00-01,00,00,00,00,00,00,00,00,00,00,00,00,00,00,00,00,00,00,00,00,00,00,00,00-01,00,10,00,00,00,00,00,30,00,00,00,00,00,00,00,00,00,00,00,00,00,00,00,00-01,01,01,00,00,00,00,30,01,01,00,00,00,00,30,10,01,00,00,00,00,00,00,00,00-00,00,08,01,18,01,18,01,18,18,28,01,00,00,01,01,00,01,00,00,00,00,20,00,00-00,01,01,110,110,01,01,110,01,39,29,00,00,00,00,00,00,00,00,00,00,00,20,00,00-10,00,00,00,00,00,01,00,00,09,29,00,00,00,00,00,00,00,00,30,00,00,10,00,00-00,00,00,00,00,00,01,01,00,09,29,00,00,00,00,00,00,00,00,00,00,00,00,00,00-00,00,00,00,00,00,01,00,01,09,29,00,00,00,00,00,00,00,00,00,00,00,00,00,00-00,00,00,00,00,00,01,01,01,09,29,00,00,00,00,00,00,10,01,00,00,00,00,00,00-00,00,00,00,00,01,00,01,01,09,29,00,20,00,00,00,20,00,20,00,00,00,00,00,00-00,00,00,00,00,00,01,01,00,01,29,00,10,00,00,00,00,00,00,00,00,00,00,00,00-00,00,00,00,01,00,01,01,00,09,29,10,00,00,20,10,00,00,00,00,00,00,20,00,00-00,00,00,20,10,01,01,00,01,09,01,00,20,00,00,00,00,00,00,00,00,00,00,00,10-00,00,00,01,00,00,10,01,00,01,48,18,18,18,18,18,18,28,00,10,00,00,00,00,00-00,00,00,00,00,30,00,20,00,010,110,110,110,110,110,01,110,210,00,00,00,00,00,00,00-00,00,00,00,30,00,00,00,01,00,00,00,01,01,00,00,00,01,00,00,00,00,00,00,00-00,00,00,00,00,00,00,00,00,00,00,01,01,00,00,01,00,00,00,00,00,00,10,00,00-00,00,00,00,00,00,00,00,00,00,01,00,00,01,00,00,00,00,00,00,00,00,00,00,00-00,00,00,00,00,00,00,00,00,00,00,00,00,00,00,00,00,00,00,10,00,00,00,00,00-00,00,00,00,00,00,00,00,00,00,00,00,00,00,00,00,00,00,00,00,00,00,30,00,30-00,00,00,00,00,20,00,20,00,00,00,00,00,00,20,00,00,00,00,00,00,00,00,20,00-00,00,00,00,00,00,00,00,00,00,00,00,00,20,20,00,00,00,00,00,30,00,00,00,00-00,00,00,00,00,00,00,10,00,00,00,00,00,10,00,00,20,00,00,00,00,00,00,00,00
0,3281,4281,5281,0278,1278,2278,3281,4281,5281,0278,1278,2278,0278,1278,2278,3281,4281,5281,0278,1278,2278,3281,4281,5281-0,0278,1278,2278,3281,4281,5281,0278,1278,2278,3281,4281,5281,3281,4281,5281,0278,1278,2278,3281,4281,5281,0278,1278,2278-0,0279,1279,2279,0278,1278,2278,0279,1279,2279,0278,1278,2278,0278,1278,2278,0279,1279,2279,0278,1278,2278,3281,4281,5281-0,0280,1280,2280,0279,1279,2279,0280,1280,2280,0279,1279,2279,0279,1279,2279,0280,1280,2280,3281,4281,5281,0278,1278,2278-0,0,0,0,0280,1280,2280,0,0,0,0280,1280,2280,0280,1280,2280,0,0,0,0278,1278,2278,3281,4281,5281-0,0,0,0,0,0,0,0,0,0,0,0,0,0,0,0,0,0,0,3281,4281,5281,0278,1278,2278-0,0,0,0,0,0,0,0,0,0,0,0,0,0,0,0,0,0,0,0278,1278,2278,3281,4281,5281-4346,4346,4346,4346,6331,0,0,0,0,0,0,0241,1241,2241,3241,4241,5241,6241,0,3281,4281,5281,0278,1278,2278-0,0,0,0,5336,0,0,0,0,0,0,0242,4243,4243,4243,4242,5242,6242,0,0278,1278,2278,3281,4281,5281-0,0,0,0,5336,0,0,0,0,0,0,0243,4243,4243,4243,4243,4243,6243,0,0279,1279,2279,0278,1278,2278-0,0,0,0,5336,0,0,0,0,0,0,0244,1244,2244,3244,4244,5244,6244,0,0280,1280,2280,3281,4281,5281-0,0,0,0,5336,0,0,0,0,0,0,0246,1246,2245,3245,4245,5246,6246,0,0277,1277,2277,0278,1278,2278-0,0,5335,6335,1336,0,0,0,0,0,0,0246,1246,2245,3245,4245,5246,6246,0,0278,1278,2278,3281,4281,5281-0,0,5336,0,0,0,0,0,0,0,0,0246,1246,2246,3246,4246,5246,6246,0,3281,4281,5281,0278,1278,2278-0,0,5336,0,0,0,0,0,0,0,0,0247,1247,2247,3247,4247,5247,6247,0,0278,1278,2278,3281,4281,5281-0,0,5336,0,0277,1277,2277,0,0,0,0,0,43,0,0,0,0,0,0,3281,4281,5281,0278,1278,2278-0,0,5336,0,0278,1278,2278,0,0,0,0,0,0,0,0,0,0,0,0,0278,1278,2278,3281,4281,5281-0,0,5336,0,3281,4281,5281,0,0,0,0,0,0,0,0,0,0,0,0,3281,4281,5281,0278,1278,2278-0,0,5336,0,0278,1278,2278,0,0,0,0,0,0,0,0,0,0277,1277,2277,0278,1278,2278,3281,4281,5281-0,0,5336,0,3281,4281,5281,0277,1277,2277,0,0,0,0,0,0,0278,1278,2278,3281,4281,5281,0278,1278,2278-0,0,5336,0,0278,1278,2278,0278,1278,2278,0277,1277,2277,0277,1277,2277,3281,4281,5281,0278,1278,2278,3281,4281,5281-0,0,5336,0,3281,4281,5281,3281,4281,5281,0278,1278,2278,0278,1278,2278,0278,1278,2278,3281,4281,5281,0278,1278,2278-6335,6335,1336,0,0278,1278,2278,0278,1278,2278,3281,4281,5281,3281,4281,5281,3281,4281,5281,0278,1278,2278,3281,4281,5281-2277,0277,1277,2277,3281,4281,5281,3281,4281,5281,0278,1278,2278,0278,1278,2278,0278,1278,2278,3281,4281,5281,0278,1278,2278-2278,0278,1278,2278,0278,1278,2278,0278,1278,2278,3281,4281,5281,3281,4281,5281,3281,4281,5281,0278,1278,2278,3281,4281,5281
false
1
1
kevin
</mapData>
<pokemon>
10
20
5
5
</pokemon>
<pokemon>
13
20
5
5
</pokemon>
<pokemon>
16
60
5
7
</pokemon>
<pokemon>
19
20
3
8
</pokemon>
<pokemon>
25
1
5
5
</pokemon>















