19
Glooming forest 2x0
00,00,00,00,00,00,00,00,00,00,00,00,00,00,00,00,00,00,00,00,00,00,00,00,00-00,00,00,00,00,00,00,00,00,00,00,00,00,00,00,00,00,00,00,00,00,00,00,00,00-00,00,00,00,00,00,00,00,00,00,00,00,00,00,00,00,00,00,00,00,00,00,00,00,1345-00,00,00,00,00,00,00,00,00,00,00,00,00,00,00,00,00,00,00,00,00,00,00,00,00-00,00,00,00,00,00,00,00,00,00,00,00,00,00,00,00,00,00,00,00,00,00,00,00,00-00,00,00,00,00,00,00,00,00,00,00,00,00,00,00,00,00,00,00,00,00,00,00,00,00-00,00,10,00,00,00,00,00,00,00,00,00,00,00,00,00,00,00,00,00,00,00,00,00,00-1345,00,00,10,10,10,10,10,10,10,10,10,10,00,00,00,00,00,00,00,00,00,00,00,00-18,18,18,18,18,18,18,18,18,18,18,18,18,28,00,00,00,00,00,00,00,00,00,00,00-110,110,110,110,110,110,110,110,110,110,110,110,39,29,00,00,00,00,00,00,00,00,00,10,00-00,00,00,00,00,00,00,00,00,00,00,00,09,29,00,00,00,00,00,00,00,00,00,00,1345-00,10,00,00,00,00,00,00,00,00,00,00,09,29,00,00,00,00,00,00,00,00,00,00,00-00,00,00,00,00,00,00,00,00,00,00,00,09,29,00,00,00,00,00,00,00,00,00,00,00-00,00,00,00,00,00,00,00,00,00,00,00,09,29,00,00,00,00,00,00,00,00,00,00,00-00,10,00,00,00,00,00,00,00,00,00,00,09,29,00,00,00,00,00,00,00,00,00,00,1345-00,00,10,00,00,00,00,00,00,00,00,00,09,29,00,00,00,00,00,00,00,00,00,00,00-00,00,10,00,00,00,00,00,00,00,00,00,09,29,00,00,00,00,00,00,00,00,00,00,00-00,00,10,00,00,00,00,00,00,00,00,00,09,29,00,00,00,00,00,00,00,00,00,00,00-00,10,00,00,00,00,00,00,00,00,00,00,09,29,00,00,00,00,00,00,00,00,10,10,00-00,00,00,00,00,00,00,00,00,00,00,00,09,29,00,00,00,00,00,00,00,00,00,10,00-00,00,00,00,00,00,00,00,00,00,00,00,09,29,00,00,00,00,00,00,00,00,00,00,00-00,00,00,00,00,00,00,00,00,00,00,00,09,29,00,00,00,00,00,00,00,00,00,00,00-00,00,00,00,00,00,00,00,00,00,00,00,09,29,00,00,00,00,00,00,00,00,00,00,00-00,00,00,00,00,00,00,00,00,00,00,00,09,29,00,00,00,00,00,00,00,00,00,00,00-00,00,00,00,00,00,00,00,00,00,00,00,09,29,1345,00,00,00,00,00,00,00,00,00,00
2278,0278,1278,2278,0278,1278,2278,0278,1278,2278,0278,1278,2278,0278,1278,2278,0278,1278,2278,0278,1278,2278,0278,1278,2278-2279,0279,1279,2279,0279,1279,2279,0279,1279,2279,0279,1279,2279,0279,1279,2279,0279,1279,2279,0279,1279,2279,0279,1279,2279-2280,0280,1280,2280,0280,1280,2280,0280,1280,2280,0280,1280,2280,0280,1280,2280,0280,1280,2280,0280,1280,2280,0280,1280,2280-0,0,00,0,0,0,0,0,0,0,0,0,0,0,0,0,0,0,0,0,0,0,0,00,00-1277,2277,00,0,0,0,0,0,0,0,0,0,0,0,0,0,0,0,0,0,0,0,0,00,00-1278,2278,00,0,0,0,0,0,0,0,0,0,0,0,0,0,0,0,0,0,0,0,0,00,00-1279,2279,00,0,0,0,0,0,0,0,0,0,0,0,0,0,0,0,0,0,0,0,0,00,00-1280,2280,00,0,0,0,0,0,0,0,0,0,0,0,0,0,0,0,0,0,0,0,0,00,00-0,0,00,0,0,0,0,0,0,0,0,0,0,0,0,0,0,0,0,0,0,0,0,00,00-0,0,00,0,0,0,0,0,0,0,0,0,0,0,0,0,0,00,00,00,0,0,0,00,00-0,0,00,0,00,00,0,0,0,0,0,0,0,0,0,0,0,00,00,00,0,0,0,00,00-0,0,00,0,00,00,0,0,0,0,0,0,0,0,0,0,0,00,00,00,0,0,0,00,0-00,0,00,0,00,00,0,0,0,0,0,0,0,0,0,0,0,0,0,00,0,0,0,00,0-00,0,00,0,00,00,0,0,0,0,0,0,0,0,0,0,0,0,0,0,0,0,0,00,0-00,0,00,0,00,00,0,0,0,0,0,0,0,0,0,0,0,0,0,0,0,0,0,00,0-2277,0,00,0,00,00,0,0,0,0,0,0,0,0,0,0,0,0,0,0,0,0,0,00,0-2278,0,00,0,0,0,0,0,0,0,0,0,0,0,0,0,0,0,0,0,0,0,0,00,0-5281,0,00,0,0,0,0,0,0,0,0,0,0,0,0,0,0,0,0,00,0,0,0,00,0-2278,00,00,0,0,0,0,0,0,0,0,0,0,0,0,0,0,0277,1277,2277,0,00,0,00,00-5281,00,00,0,0,0,0,0,0,0,0,0,0,00,00,00,00,0278,1278,2278,00,00,00,00,00-2278,00,00,0,0,0,0,0,0,0,0,0,0,00,0277,1277,2277,3281,4281,5281,0277,1277,2277,00,00-5281,6279,6279,0,0,0,0,0,0,0,0,0,0,0,0278,1278,2278,0278,1278,2278,0278,1278,2278,0277,1277-2278,6280,6280,0,0,0277,1277,2277,0277,1277,2277,00,00,00,3281,4281,5281,3281,4281,5281,3281,4281,5281,0278,1278-5281,6280,6280,6279,6279,0278,1278,2278,0278,1278,2278,00,00,00,0278,1278,2278,0278,1278,2278,0278,1278,2278,3281,4281-2278,6280,6280,6280,6280,0279,1279,2279,0279,1279,2279,00,00,00,0279,1279,2279,0279,1279,2279,0279,1279,2279,0278,1278
false





null
null
