Glooming forest market
4373,4373,4373,4373,4373,5371,5371,5371,5371,5371-5371,5371,5371,5371,5371,5371,5371,6371,6371,5371-6371,6371,6371,6371,6371,6371,6371,6371,6371,6371-5371,5371,5371,5371,5371,5371,5371,5371,5371,5371-5371,5371,5371,5371,5371,5371,5371,5371,5371,5371-5371,5371,5371,5371,5371,5371,5371,5371,5371,5371-5371,5371,5371,5371,5371,5371,5371,5371,5371,5371-5371,5371,5371,5371,5371,5371,5371,5371,5371,5371-5371,5371,5371,5371,5371,5371,5371,5371,5371,5371-5371,5371,5371,5371,6371,6371,5371,5371,5371,5371
4373,4373,4373,4373,4373,4373,4373,4373,4373,4373-4374,4374,4374,4374,4374,4374,4374,4374,4374,4374-7379,4386,5386,0,0,7407,0,0,4386,5386-7380,4387,5387,0,0,7408,0,0,4387,5387-0,4388,5388,0,0,0,0,0,4388,5388-0,0,0,0,0,0,0,0,0,0-2386,0,0,0,0,0,0,0,0381,1381-2387,0,0,0,0,0,0,0,0382,1382-2388,0,0,0,0,0,0,0,0383,1383-0,0,0,0,0,0,0,0,0,0
false

5;9;Glooming forest -2x0;6;12;



null
null

5;4;ymhGUEZtjlHvZ7V
