<mapData>
Glooming forest center
0,0,0,0,0,0,0,0,0,0-0,0,0,0,0,0,0,0,0,0-0,1372,1372,1372,1372,1372,1372,1372,1372,0-1372,1372,1372,1372,1372,1372,1372,1372,1372,1372-2372,2372,2372,2372,2372,2372,2372,0372,0372,2372-1372,1372,4372,5371,5371,5371,5371,5371,5371,5371-1372,1372,3373,5371,5371,5371,5371,5371,5371,5371-2372,2372,3372,5371,5371,5371,5371,5371,5371,5371-5371,5371,5371,5371,5371,5371,5371,5371,5371,5371-5371,5371,5371,6371,6371,5371,5371,5371,5371,5371
0377,6373,6373,6373,6373,6373,6373,6373,6373,1377-0378,6374,6374,6374,6374,6374,6374,6374,6374,1378-0379,0,0,0,0407,0,0,0,7381,1379-0,0,0,0,0408,0,0,0,7382,0-0386,1386,0,3392,4392,5392,0,0,7383,0-0387,1387,0,3395,4395,5395,0,0,0,0-0388,1388,0,0,0,0,0,0,0,0-0,0,0,0,0,0,3379,4379,0,2380-0,0,0,0,0,0,3380,4380,0,2379-0,0,0,0,0,0,0,0,0,0
false
null
null
kevin
</mapData>

<mapTransition>
4
9



Glooming forest -2x0
15
11
true
false
false
</mapTransition>

<computerAction>
8
5



true
false
false
</computerAction>

<recoverAction>
4
6



true
false
false
</recoverAction>





