19
Glooming forest -2x1
4281,00,00,00,00,510,710,00,00,00,00,00,00,00,00,00,00,00,00,00,00,00,00,00,00-00,00,00,00,00,510,710,00,00,00,00,00,00,00,00,00,00,00,00,00,00,00,00,00,00-00,00,00,00,00,510,710,00,00,00,00,00,00,00,00,00,00,00,00,00,00,00,00,00,00-00,00,00,00,00,510,710,00,00,00,00,00,00,00,00,00,00,00,00,00,00,00,00,00,00-00,00,00,00,00,510,410,79,00,00,00,00,00,00,00,00,00,00,00,00,00,00,00,00,00-00,00,00,00,00,510,610,710,00,00,00,00,00,00,00,00,00,00,00,00,00,00,00,00,00-00,00,10,00,00,510,610,710,00,00,00,00,00,00,01,01,01,01,01,01,01,00,00,00,00-00,00,00,00,00,510,610,710,00,00,00,00,00,00,01,01,01,01,01,01,01,00,00,00,00-00,00,10,00,00,510,610,710,00,00,00,00,00,01,01,01,01,01,01,01,01,00,00,00,00-00,00,00,00,00,510,610,710,00,00,00,00,00,00,01,01,01,01,01,01,00,00,00,10,00-00,00,00,00,00,510,610,410,69,69,69,69,79,00,00,01,01,01,01,01,00,00,00,00,00-00,10,00,00,00,510,610,610,610,610,610,610,710,01,01,01,01,01,00,01,00,00,00,00,00-00,00,00,00,59,310,610,610,610,610,610,610,710,01,01,01,01,01,01,01,00,00,00,00,00-00,00,00,00,510,610,610,610,610,611,611,611,711,00,00,01,01,01,01,00,00,00,00,00,00-00,10,00,00,510,610,610,610,710,00,00,00,00,00,01,01,01,01,00,00,00,00,00,00,10-00,00,10,00,510,610,610,610,710,00,00,00,00,00,01,01,01,00,00,00,00,00,00,00,00-18,18,18,28,511,611,611,611,711,00,00,00,00,00,01,01,00,00,00,00,00,00,00,00,00-110,110,39,29,00,00,00,00,00,00,00,00,00,00,00,00,00,00,00,00,00,00,00,00,00-00,10,09,48,28,00,00,00,00,00,00,00,00,00,00,00,00,00,00,00,00,00,10,10,00-00,00,09,19,29,00,00,00,00,00,00,00,00,00,00,00,00,00,00,00,00,59,79,10,00-00,08,38,19,29,00,00,00,00,00,00,00,00,00,00,00,59,69,69,69,69,310,710,00,00-00,010,110,110,210,00,00,00,00,00,00,00,00,00,00,00,510,610,610,610,610,610,710,00,00-00,00,00,00,00,00,00,00,00,00,00,00,00,00,00,00,511,611,311,610,610,610,710,00,00-00,00,00,00,00,00,00,00,00,00,00,00,00,00,00,00,00,00,511,611,611,611,711,00,00-00,00,00,00,00,00,00,00,00,00,00,00,00,00,00,00,00,00,00,00,00,00,00,00,00
4281,5281,0278,1278,2278,0,0,0,0278,1278,2278,0278,1278,2278,3281,4281,5281,3281,4281,5281,0278,1278,2278,0279,1279-1278,2278,3281,4281,5281,0,0,0,3281,4281,5281,3281,4281,5281,0278,1278,2278,0278,1278,2278,0279,1279,2279,0280,1280-1279,2279,0278,1278,2278,0,0,0,0278,1278,2278,0278,1278,2278,3281,4281,5281,3281,4281,5281,0280,1280,2280,0,0-1280,2280,0279,1279,2279,0,0,0,3281,4281,5281,3281,4281,5281,0278,1278,2278,0278,1278,2278,21,0,0277,1277,2277-0,0,0280,1280,2280,0,0,0,0278,1278,2278,0278,1278,2278,0279,1279,2279,0279,1279,2279,21,21,0278,1278,2278-7277,7277,7277,7277,0,0,0,0,3281,4281,5281,0279,1279,2279,0280,1280,2280,0280,1280,2280,21,21,3281,4281,5281-7277,7277,7277,7277,0,0,0,0,0278,1278,2278,0280,1280,2280,0,0,0,0,0,0,0,0,0278,1278,2278-7277,7277,7277,7277,7277,0,0,0,0279,1279,2279,0,0407,0,0,0,0,0,0,0,0,0,3281,4281,5281-7277,7277,7278,7277,7278,0,0,0,0280,1280,2280,0,0408,0,0,0,0,0,0,0,0,0,0278,1278,2278-7278,7277,0,7278,0,0,0,0,0,0,0,0,0,0,0,0,0,0,0,0,0,0,0279,1279,2279-0,7278,0,0,0,0,0,0,0,0,0,0,0,0,0,0,0,0,0,0,0,0,0280,1280,2280-0,0,0,0,0,0,0,0,0,0,0,0,0,0,0,0,0,0,0,0,7331,6337,6337,6337,6337-0,0,0,0,0,0,0,0,0,0,0,0,0,0,0,0,0,0,0,0,7336,0,0,0277,1277-0,0,0,0,0,0,0,0,0,0,0,0,0,0,0,0,0,0,0,0,7336,0,0,0278,1278-0,0,0,0,0,0,0,0,0,0,0,0,0,0,0,0,0,0,0,0,7336,0,0,3281,4281-0,0,0,0,0,0,0,0,0,0,0,0,0,0,0,0,0,0,0,0,7336,0,0,0278,1278-0,0,0,0,0,0,0,0,0,0,0,0,0,0,0,0,0,0,0,0,7336,0,0,3281,4281-0,0,0,0,0,0,0,0,0,7277,7277,0,0,0,0,0,0,0,0,0,7336,0,0,0278,1278-0,0,0,0,0,0,7277,7277,7277,7277,7277,0,7331,6337,6337,6337,6337,6337,6337,6337,7337,0,0,3281,4281-0,0,0,0,0,0,7277,7277,7277,7277,7277,0,7336,0,0,0,0,0,0,0,0,0,0,0278,1278-0,0,0,0,0,0,7277,7277,7277,7277,7277,0,7336,0,0,0,0,0,0,0,0,0,0,3281,4281-0,0,0,0,0,0,7278,7278,7277,7278,7278,0,7336,0,0,0,0,0,0,0,0,0,0,0278,1278-0,0,0,0,0,0,0,0,7278,0,0,0,7336,0,0,0,0,0,0,0,0,0,0,3281,4281-0,7331,6337,6337,6337,6337,6337,6337,6337,6337,6337,6337,7337,0,0,0,0,0,0,0,0,0,0,0278,1278-0,7336,0,0,0,0,0,0,0,0,0,0,0,0,0,0,0,0,0,0,0,0,0,3281,4281
false
19;20;2;3;16;80;2;3;




-2
1
12;9;12345;Bird watcher;
