30
GrassFieldDontEdit
10,10,10,10,10,10,10,10,10,10,10,10,10,10,20,20,20,20,20,20-10,10,10,10,10,10,10,10,10,10,30,10,10,30,10,10,30,10,10,20-10,10,10,30,10,10,30,10,10,10,10,10,10,20,10,10,10,10,10,20-10,10,10,10,10,10,10,10,10,10,10,10,10,10,10,10,30,10,30,20-10,10,10,30,10,10,10,10,10,00,00,00,10,10,10,10,10,10,10,20-10,10,10,10,10,10,10,10,10,10,10,10,10,10,10,10,10,30,10,10-10,10,10,30,10,30,30,30,30,30,10,30,30,30,30,30,30,30,10,20-10,10,30,30,30,30,30,30,30,30,30,30,30,30,30,10,30,30,30,20-10,10,30,30,30,30,10,30,30,30,30,30,10,30,30,30,30,30,30,10-10,10,30,30,30,30,30,30,30,30,30,30,30,30,30,30,30,30,30,10-10,30,30,30,30,30,30,30,30,30,30,30,10,30,30,30,30,10,30,10-10,10,30,10,30,30,30,30,30,30,30,30,30,10,30,30,30,30,30,10-10,30,30,30,30,30,30,30,30,30,30,30,30,30,30,30,30,30,30,10-10,30,30,30,10,30,30,10,30,30,30,10,30,30,30,30,30,30,30,10-10,30,10,30,30,30,30,30,30,30,30,30,30,30,30,10,30,30,30,10-10,30,30,30,30,10,30,30,30,10,30,30,30,30,30,30,30,30,30,10-10,30,30,30,30,30,30,30,30,30,30,10,30,30,10,30,30,30,30,10-10,30,10,30,30,30,30,30,30,30,10,30,30,30,30,10,30,10,30,10-10,30,30,30,30,30,10,30,30,30,30,30,10,30,30,30,30,30,30,10-10,10,10,10,10,10,10,10,10,10,10,10,10,10,10,10,10,10,10,10
0,0,0,0,0,0,0,0,0,0,0,0,0,0,0,0,0,0,0,0-0,0,0,0,0,0,0,0,0,0,0,0,0,0,0,0,0,0,0,0-0,0,0,0,0,0,0,0,0,0,0,0,0,0,0,0,0,0,0,0-0,0,0,0,0,0,0,0,0,00,00,0,00,0,0,0,0,0,0,0-0,0,0,0,0,0,0,0,0,00,00,00,00,0,0,0,0,0,0,0-0,0,0,0,0,0,0,0,0,0,0,0,0,0,0,0,0,0,0,0-0,0,0,0,0,0,0,0,0,0,0,0,0,0,0,0,0,0,0,0-0,0,0,0,0,0,0,0,0,0,0,0,0,0,0,0,0,0,0,0-0,0,0,0,0,0,0,0,0,0,0,0,0,0,0,0,0,0,0,0-0,0,0,0,0,0,0,0,0,0,0,0,0,0,0,0,0,0,0,0-0,0,0,0,0,0,0,0,0,0,0,0,0,0,0,0,0,0,0,0-0,0,0,0,0,0,0,0,0,0,0,0,0,0,0,0,0,0,0,0-0,0,0,0,0,0,0,0,0,0,0,0,0,0,0,0,0,0,0,0-0,0,0,0,0,0,0,0,0,0,0,0,0,0,0,0,0,0,0,0-0,0,0,0,0,0,0,0,0,0,0,0,0,0,0,0,0,0,0,0-0,0,0,0,0,0,0,0,0,0,0,0,0,0,0,0,0,0,0,0-0,0,0,0,0,0,0,0,0,0,0,0,0,0,0,0,0,0,0,0-0,0,0,0,0,0,0,0,0,0,0,0,0,0,0,0,0,0,0,0-0,0,0,0,0,0,0,0,0,0,0,0,0,0,0,0,0,0,0,0-0,0,0,0,0,0,0,0,0,0,0,0,0,0,0,0,0,0,0,0
false





null
null

