24
GreenGras16x25Dontedit
2345,2345,2345,2345,2345,2345,2345,2345,2345,2345,2345,2345,2345,2345,2345,2345-2345,2345,2345,2345,2345,2345,2345,2345,0344,2345,2345,2345,2345,2345,2345,2345-2345,2345,2345,2345,2345,2345,2345,0344,2345,2345,2345,2345,2345,2345,2345,2345-2345,2345,2345,0344,2345,2345,2345,2345,2345,2345,2345,2345,2345,2345,2345,2345-2345,2345,2345,2345,2345,2345,2345,2345,2345,2345,2345,2345,2345,2345,2345,2345-2345,2345,2345,2345,2345,2345,0344,2345,2345,2345,2345,2345,2345,2345,2345,2345-2345,2345,2345,2345,0344,2345,2345,2345,2345,2345,2345,2345,2345,2345,2345,2345-2345,2345,0344,2345,2345,2345,2345,2345,2345,2345,2345,2345,2345,2345,2345,2345-2345,2345,2345,2345,2345,2345,2345,2345,2345,2345,2345,2345,2345,2345,2345,2345-2345,2345,2345,2345,2345,0344,2345,2345,2345,2345,2345,2345,0344,2345,2345,2345-2345,2345,2345,2345,2345,2345,2345,2345,0344,2345,2345,2345,2345,2345,2345,2345-2345,2345,2345,2345,2345,2345,2345,0344,2345,2345,2345,2345,2345,2345,2345,2345-2345,2345,2345,0344,2345,0344,2345,0344,2345,2345,2345,2345,0344,2345,2345,2345-2345,2345,2345,2345,2345,2345,0344,2345,2345,2345,2345,2345,2345,2345,2345,2345-2345,2345,2345,2345,2345,2345,0344,2345,2345,2345,2345,2345,2345,2345,2345,2345-2345,2345,2345,2345,0344,2345,2345,2345,2345,0344,2345,0344,2345,2345,2345,2345-2345,2345,2345,2345,0344,0344,0344,0344,0344,0344,0344,0344,2345,2345,0344,2345-2345,0344,2345,2345,0344,0344,0344,0344,0344,0344,0344,2345,2345,2345,2345,2345-2345,2345,0344,2345,0344,0344,0344,0344,0344,0344,0344,0344,2345,2345,2345,2345-2345,2345,0344,2345,0344,0344,0344,0344,0344,0344,0344,2345,2345,2345,2345,2345-0344,0344,2345,2345,0344,0344,0344,0344,0344,0344,0344,2345,2345,2345,2345,2345-0344,0344,2345,2345,2345,2345,2345,2345,2345,2345,2345,2345,2345,2345,2345,2345-0344,0344,2345,0344,2345,2345,2345,2345,2345,2345,2345,2345,2345,2345,0344,2345-0344,0344,0344,0344,2345,0344,0344,2345,0344,2345,2345,2345,2345,2345,2345,2345-0344,0344,0344,0344,0344,0344,2345,0344,2345,2345,2345,2345,2345,2345,2345,2345
0,0,0,0,0,0,0,0,0,0,0,0,0,0,0,0-0,0,0,0,0,0,0,0,0,0,0,0,0,0,0,0-0,0,0,0,0,0,0,0,0,0,0,0,0,0,0,0-0,0,0,0,0,0,0,0,0,0,0,0,0,0,0,0-0,0,0,0,0,0,0,0,0,0,0,0,0,0,0,0-0,0,0,0,0,0,0,0,0,0,0,0,0,0,0,0-0,0,0,0,0,0,0,0,0,0,0,0,0,0,0,0-0,0,0,0,0,0,0,0,0,0,0,0,0,0,0,0-0,0,0,0,0,0,0,0,0,0,0,0,0,0,0,0-0,0,0,0,0,0,0,0,0,0,0,0,0,0,0,0-0,0,0,0,0,0,0,0,0,0,0,0,0,0,0,0-0,0,0,0,0,0,0,0,0,0,0,0,0,0,0,0-0,0,0,0,0,0,0,0,0,0,0,0,0,0,0,0-0,0,0,0,0,0,0,0,0,0,0,0,0,0,0,0-0,0,0,0,0,0,0,0,0,0,0,0,0,0,0,0-0,0,0,0,0,0,0,0,0,0,0,0,0,0,0,0-0,0,0,0,0,0,0,0,0,0,0,0,0,0,0,0-0,0,0,0,0,0,0,0,0,0,0,0,0,0,0,0-0,0,0,0,0,0,0,0,0,0,0,0,0,0,0,0-0,0,0,0,0,0,0,0,0,0,0,0,0,0,0,0-0,0,0,0,0,0,0,0,0,0,0,0,0,0,0,0-0,0,0,0,0,0,0,0,0,0,0,0,0,0,0,0-0,0,0,0,0,0,0,0,0,0,0,0,0,0,0,0-0,0,0,0,0,0,0,0,0,0,0,0,0,0,0,0-0,0,0,0,0,0,0,0,0,0,0,0,0,0,0,0
false





null
null
