25
House
0,0,5377,6377,0,4373,4373,4373,5377,0-0,0,5378,0,0,4374,4374,4374,0,4374-5371,5371,5371,5371,5371,5371,5371,5371,5371,5371-5371,5371,5371,5371,5371,5371,5371,5371,5371,5371-5371,5371,5371,5371,5371,5371,5371,5371,5371,5371-5371,5371,5371,5371,5371,5371,5371,5371,5371,5371-5371,5371,5371,5371,5371,5371,5371,5371,5371,5371-5371,5371,5371,5371,5371,5371,5371,5371,5371,5371-5371,5371,5371,5371,5371,5371,5371,5371,5371,5371-5371,5371,5371,5371,5371,5371,5371,5371,5371,5371-5371,5371,5371,5371,5371,5371,5371,5371,5371,5371-5371,5371,5371,5371,5371,5371,5371,5371,5371,5371-5371,5371,5371,5371,5371,5371,5371,5371,5371,5371-5371,5371,5371,5371,5371,5371,5371,5371,5371,5371-5371,5371,5371,5371,6402,6402,5371,5371,5371,5371
4373,4373,5377,6377,4373,2377,3377,4377,4373,4373-4374,4374,5378,6378,4374,2378,3378,4378,4374,4374-7377,0,0,0390,1390,0,0,0,5396,6396-7378,0,0,0391,1391,0,0,0,5397,6397-0,0,0,0,0,0,0,0,7397,7396-0,4382,0,0,0,0,0,4387,5387,0-0,4383,0,0,2386,0,0,4388,5388,0-0,0,0,0,2387,0,0,5384,6384,0-0,0,0,0,2387,0,0,5385,6385,0-0,0,0,0,2388,0,0,0,0,0-2381,3381,0,0,0,0,0,0,00,5391-2382,3382,0,0,0,0,0,0,5403,6389-0,0,0,0,0,0,0,0,4387,5387-0,0,0,0,00,00,00,0,4388,5388-0,0,0,0,00,0,0,0,0,0
false





null
null
