<mapData>
House f1
4371,4371,4371,4373,4373,4371,4371,4371,4371,4373-4371,4371,4371,4371,4371,4371,4371,4371,4371,4374-4371,4371,4371,4371,4371,4371,4371,4371,4371,4371-4371,3371,3371,3371,3371,3371,3371,3371,3371,3371-4371,3371,3371,3371,3371,3371,3371,3371,3371,3371-4371,3371,3371,3371,3371,3371,3371,3371,3371,3371-4371,3371,3371,3371,3371,3371,3371,3371,3371,3371-4371,3371,3371,3371,3371,3371,3371,3371,3371,3371-4371,3371,3371,3371,3371,3371,3371,3371,3371,3371-4371,3371,3371,3371,3371,3371,3371,3371,3371,3371
4373,4373,4373,0381,1381,4373,4373,4373,4373,7373-4374,4374,4374,0382,1382,4374,4374,4374,4374,7374-0,0,0,0383,1383,0,3396,4396,0,0-0,0,0,0,0,0,3397,4397,0,0-0,0,0,0,0,0,0,0,0,0-0398,1398,2398,0,0,0,0,0,0,0-0399,1399,2399,0,0,0,0,0,0,0-0400,1400,2400,0,0,0,0,0,0,0-0,0,0,0,0,0,0,0,0,0-0,0,0,0,0,0,0,0,0,0
false
null
null
kevin
</mapData>








