32
House of Kevin
6373,6373,6373,6373,6373,6373,6373,6373,6373,6373-6374,6374,6374,6374,6374,6374,6374,6374,6374,6374-5371,5371,5371,5371,5371,5371,5371,5371,5371,5371-5371,5371,5371,5371,5371,5371,5371,5371,5371,5371-5371,5371,5371,5371,5371,5371,5371,5371,5371,5371-5371,5371,5371,5371,5371,5371,5371,5371,5371,5371-5371,5371,5371,5371,5371,5371,5371,5371,5371,5371-5371,5371,5371,5371,5371,5371,5371,5371,5371,5371-5371,5371,5371,5371,5371,5371,5371,5371,5371,5371-5371,5371,5371,5371,6371,6371,5371,5371,5371,5371
6373,6373,6373,6373,6373,6373,6373,5375,6375,6373-6374,6374,6374,6374,6374,6374,6374,5376,6376,6374-0,0389,1389,0,0,2386,0,0,0,0-0,0390,1390,0,0,2387,0,5379,6379,0-0,0391,1391,0,0,2388,0,5380,6380,0-0,2407,0,0,0,0,0,0,0,0-0,2408,0,0,0,0,0,0,0,0-0,0,0,0,0,0,0,0,0,0-0,7379,0,0,0,0,0,0,7379,0-0,7380,0,0,0,0,0,0,7380,0
false

4;9;Glooming forest 0x1;18;14;


1;7;Please do not disturbe. I'm working on this new Pokemon game.;
null
null

