<mapData>
Lieke 1+
00,00,00,00,00,00,00,00,00,510,710,10,30,10,00,00,00,510,710,00,00,00,00,00,00-00,00,00,00,00,00,00,00,00,510,710,00,00,00,20,00,00,510,710,00,00,00,00,00,00-00,00,00,00,00,00,00,00,00,510,710,00,00,00,00,00,00,510,710,00,00,00,00,00,00-00,00,00,00,00,00,00,00,00,510,710,00,00,00,00,30,00,510,710,00,00,00,00,00,00-00,00,00,10,00,00,00,00,00,510,710,00,00,00,00,00,30,510,710,10,00,00,00,00,00-00,00,00,00,00,00,00,00,00,510,710,00,00,00,00,00,00,510,710,20,00,00,00,00,00-00,00,00,00,00,00,00,00,00,510,410,69,69,69,69,610,610,611,711,00,00,00,00,00,00-01,01,01,01,01,01,01,01,01,510,610,610,610,610,710,00,00,10,00,00,00,00,00,00,00-01,01,01,01,01,01,01,01,01,510,610,610,610,610,710,00,00,00,00,00,00,00,00,00,00-01,01,01,01,01,01,01,01,01,511,311,610,610,411,711,00,20,00,00,00,00,00,00,00,00-01,01,01,01,30,01,01,01,01,01,510,610,610,710,00,00,00,20,00,00,00,00,00,00,00-01,01,01,01,00,01,01,01,01,01,510,610,610,710,00,00,30,00,00,00,00,00,00,00,20-01,01,01,01,01,01,01,01,01,01,510,610,610,410,69,69,69,69,69,69,69,69,69,69,69-01,01,01,01,01,01,01,01,01,01,510,610,610,411,611,611,611,611,611,611,611,611,611,611,611-01,01,01,01,01,01,01,01,01,01,511,311,411,711,00,30,00,00,00,00,00,00,00,20,00-01,01,01,01,01,01,01,01,01,01,00,510,710,00,00,00,00,00,00,00,00,00,00,00,00-00,00,00,00,00,00,00,00,00,00,00,510,710,00,00,00,00,00,00,00,00,00,00,00,00-00,00,00,00,00,00,00,00,00,00,00,510,710,00,00,00,00,10,00,00,00,00,00,00,00-00,00,00,00,00,00,00,00,00,00,00,510,710,00,00,30,00,00,00,00,00,00,00,00,00-00,00,00,00,00,00,00,00,00,00,00,510,710,00,00,20,00,00,00,00,00,00,00,00,00-00,00,59,69,69,69,69,69,69,69,69,310,710,00,00,00,00,00,00,00,00,00,10,00,00-00,00,511,611,611,611,611,611,611,611,611,611,711,00,00,00,00,00,00,00,00,00,00,00,00-00,00,00,00,00,00,00,00,00,00,00,00,00,00,00,00,00,00,00,00,00,00,10,00,00-00,00,00,00,00,30,00,00,00,20,00,00,00,00,00,00,00,00,00,00,00,10,10,00,00-00,00,00,00,00,00,00,00,00,00,00,00,00,00,00,00,00,00,00,00,20,00,00,00,00
617,717,617,717,617,717,5368,6368,7368,0,0,5368,6368,7368,5368,6368,7368,0,0,617,717,617,717,617,717-618,718,618,718,618,718,5369,6369,7369,0,0,5369,6369,7369,5369,6369,7369,0,0,618,718,618,718,618,718-619,719,619,719,619,719,5370,6370,7370,0,0,5370,6370,7370,5370,6370,7370,0,0,619,719,619,719,619,719-617,717,617,717,617,717,5368,6368,7368,0,0,5368,6368,7368,5368,6368,7368,0,0,617,717,617,717,617,717-618,718,618,718,618,718,5369,6369,7369,0,0,5369,6369,7369,5369,6369,7369,0,0,618,718,618,718,618,718-619,719,619,719,619,719,5370,6370,7370,0,0,5370,6370,7370,5370,6370,7370,0,0,619,719,619,719,619,719-520,620,720,520,620,720,520,620,720,0,0,0,0,0,0,0,0,0,0,520,620,720,520,620,720-0,0,0,0,0,0,0,0,0,0,0,0,0,0,0,0,0118,1118,2118,3118,4118,0,0,0,0-0,0,0,0,0,0,0,0,0,0,0,0,0,0277,1277,2277,0119,1119,2119,3119,4119,0277,1277,2277,0-0,0,0,0,0,0,0,0,0,0,0,0,0,0278,1278,2278,0120,1120,2120,3120,4120,0278,1278,2278,0-0,0,0,0,5407,0,0,0,0,0,0,0,0,0279,1279,2279,0121,1121,2121,3121,4121,0279,1279,2279,0-0,0,0,0,5408,0,0,0,0,0,0,0,0,0280,1280,2280,0122,1122,2122,3122,4122,0280,1280,2280,0-0,0,0,0,0,0,0,0,0,0,0,0,0,0,0,0,0,0,0,0,0,0,0,0,0-0,0,0,0,0,0,0,0,0,0,0,0,0,0,0,0,0,0,0,0,0,0,0,0,0-0,0,0,0,0,0,0,0,0,0,0,0,0,0,63,0,0,63,0,0,63,0,0,63,0-0,0,0,0,0,0,0,0,0,0,0,0,0,54,64,74,54,64,74,54,64,74,54,64,74-0,0,0200,1200,2200,3200,4200,0,0277,1277,2277,0,0,57,67,77,57,67,77,57,67,77,57,67,77-0,0,0201,1201,2201,3201,4201,0,0278,1278,2278,0,0,58,68,78,58,68,78,58,68,78,58,68,78-0,0,0202,1202,2202,3202,4202,2407,0279,1279,2279,0,0,0,63,0,0,63,0,0,63,0,0,63,0-0,0,0203,1203,2203,3203,4203,2408,0280,1280,2280,0,0,54,64,74,54,64,74,54,64,74,54,64,74-0,0,0,0,0,0,0,0,0,0,0,0,0,57,67,77,57,67,77,57,67,77,57,67,77-0,0,0,0,0,0,0,0,0,0,0,0,0,58,68,78,58,68,78,58,68,78,58,68,78-0281,1281,2281,0281,1281,2281,0281,1281,2281,0281,1281,2281,0281,1281,2281,5368,6368,7368,5368,6368,7368,5368,6368,7368,0-0281,1281,2281,0281,1281,2281,0281,1281,2281,0281,1281,2281,0281,1281,2281,5369,6369,7369,5369,6369,7369,5369,6369,7369,0-0281,1281,2281,0281,1281,2281,0281,1281,2281,0281,1281,2281,0281,1281,2281,5370,6370,7370,5370,6370,7370,5370,6370,7370,0
false
null
null
kevin
</mapData>

















