<mapData>
Lieke1 huis1
0373,1373,2373,0373,1373,2373,0373,1373,2373,0373,1373,2373,0373,1373,2373,0373,1373-0374,1374,2374,0374,1374,2374,0374,1374,2374,0374,1374,2374,0374,1374,2374,0374,1374-0373,1373,2373,0373,1373,2373,0373,1373,2373,0373,1373,2373,0373,1373,2373,0373,1373-0374,1374,2374,0374,1374,2374,0374,1374,2374,0374,1374,2374,0374,1374,2374,0374,1374-0373,1373,2373,0373,1373,2373,0373,1373,2373,0373,1373,2373,0373,1373,2373,0373,1373-0374,1374,2374,0374,1374,2374,0374,1374,2374,0374,1374,2374,0374,1374,2374,0374,1374-0373,1373,2373,0373,1373,2373,0373,1373,2373,0373,1373,2373,0373,1373,2373,0373,1373-0374,1374,2374,0374,1374,2374,0374,1374,2374,0374,1374,2374,0374,1374,2374,0374,1374-0373,1373,2373,0373,1373,2373,0373,1373,2373,0373,1373,2373,0373,1373,2373,0373,1373-0374,1374,2374,0374,1374,2374,0374,1374,2374,0374,1374,2374,0374,1374,2374,0374,1374-0373,1373,2373,0373,1373,2373,0373,1373,2373,0373,0373,1373,2373,0373,1373,2373,1373-0374,1374,2374,0374,1374,2374,0374,1374,2374,0374,0374,1374,2374,0374,1374,2374,1374-0373,1373,2373,0373,1373,2373,0373,1373,2373,0373,0373,1373,2373,0373,1373,2373,0373
0381,1381,0,0,0,0,0,0,0,0,0,0,0,0,2381,3381,7379-0382,1382,0,0,0,0,0,0,0,0,0,0,0,0,2382,3382,7380-0383,1383,0,0,0,0,0,0,0396,1396,2396,0,0,0,0,0,0-0,0,0,0,0,0,0,0,0397,1397,2397,0,0,0,0,0,0-0,0,0,0,0,0,0,0,0,0,0,0,0,0,0,0,0-0,0,0,0,0,0,0,0,0,0,0,0407,0,0,0,0,0-0,0,0,0398,1398,2398,0,0,0,0,0,0408,0,0,0,0,0-0,0,0,0399,1399,2399,0,0,0,0,0,0,0,0,0,0,0-0,0,0,0400,1400,2400,0,0,0,0,0,0,0,0,0,0,0-0,0,0,0,0,0,0,0,0,6372,4399,5399,7372,0,0,0,0-0,0,0,0,0,0,0,0,0,6372,4400,5400,7372,0,0,0,0-0,0,0,0,0,0,0,0,0,0,0,0,0,0,0,0,0-0,0,0,0,0,0,0,0,0,0,0,0,0,0,0,0,0
false
null
null
kevin
</mapData>

















