Overworld South 0x1
00,01,01,01,00,01,01,01,00,00,09,29,00,00,00,00,00,00,00,00,01,01,01,00,00-01,01,01,01,01,01,01,01,00,00,09,29,00,00,00,00,00,00,00,01,01,01,01,01,00-01,01,01,01,01,01,01,01,00,00,09,29,00,00,00,00,00,00,00,01,01,01,01,00,00-00,01,01,01,01,00,00,01,00,00,09,29,00,00,00,00,00,00,00,01,01,01,01,00,00-01,01,01,01,01,01,01,00,00,00,09,29,00,00,00,00,00,00,00,00,00,00,00,1345,1345-00,01,01,01,01,01,01,00,00,00,09,48,18,18,18,18,18,18,18,18,18,18,18,28,1345-00,00,10,00,00,00,00,00,00,10,010,110,110,110,110,110,110,110,110,110,110,110,39,29,1345-10,10,00,00,00,00,00,00,00,00,00,00,00,00,00,00,00,00,01,00,01,01,09,29,00-4333,4333,4333,4333,4333,4333,4333,4333,4333,4333,4333,4333,4333,4333,4333,00,00,01,01,01,01,01,09,29,1345-1345,1345,1345,1345,1345,1345,1345,1345,1345,1345,1345,4333,4333,4333,4333,1345,1345,01,01,01,01,1345,09,29,1345-1345,1345,1345,1345,1345,1345,1345,1345,1345,1345,1345,5339,5339,4333,4333,00,00,01,01,01,00,1345,09,29,1345-18,18,18,18,18,18,18,18,18,18,28,00,1345,5339,4333,00,00,00,00,00,00,1345,09,29,00-110,110,110,110,110,110,110,110,110,39,29,1345,1345,1345,4333,1345,00,00,1345,1345,1345,1345,09,29,00-1345,00,00,00,00,00,00,00,00,09,29,1345,1345,1345,4333,4333,4333,4333,4333,4333,4333,00,09,29,00-00,10,00,00,00,00,00,00,00,09,29,00,00,00,4333,4333,4333,4333,4333,4333,4333,00,09,29,10-00,00,10,00,00,00,00,00,00,09,29,00,00,00,4333,4333,4333,4333,4333,4333,4333,00,09,29,10-00,00,10,00,00,00,00,00,00,631,731,00,00,00,4333,4333,4333,4333,4333,4333,4333,00,09,29,10-00,00,10,00,00,00,00,00,00,09,29,01,01,00,4333,4333,4333,4333,4333,4333,4333,00,09,29,10-00,10,00,00,00,00,00,01,00,09,29,01,01,00,4333,4333,4333,4333,4333,4333,4333,00,09,29,10-00,00,00,10,00,00,00,01,00,09,29,01,01,00,4333,4333,4333,4333,4333,4333,4333,00,09,29,10-00,00,00,00,00,00,00,01,00,09,29,01,01,00,00,00,00,00,00,00,00,00,09,29,10-00,00,00,00,00,00,00,01,00,09,29,00,00,00,00,00,00,00,00,00,00,00,09,29,00-00,00,00,00,00,00,00,01,00,09,48,18,18,18,18,18,18,18,18,18,18,18,38,29,00-00,00,00,00,01,01,01,01,00,010,110,110,110,110,110,110,110,110,110,110,110,110,110,210,00-00,00,00,00,01,01,01,01,00,00,00,00,00,00,00,00,00,00,00,00,00,00,00,00,00
0,0,0,0,0,0,0,0,0,0,0,0,0,0,0,0,0,0,0,0,0,0,0,0,0-0,0,0,0,0,0,0,0,0,0,0,0,0,0,0,0,0,0,0,0,0,0,0,0,0-0,0,0,0,0,0,0,0,0,0,0,0,0,0,0,0,0,0,0,0,0,0,0,0,0-0,0,0,0,0,0,0,0,0,0,0,0,0,0,0,0,0,0,0,0,0,0,0,0,0-0,0,0,0,0,0,0,0,0,0,0,0,0,0,0,0,0,0,0,0,0,0,0,0,0-0,0,0,0,0,0,0,0,0,0,0,0,0,0,0,0,0,0,0,0,0,0,0,0,0-0,0,0,0,0,0,0,0,0,0,0,0,0,0,0,0,0,0,0,0,0,0,0,0,0-4332,4332,4332,4332,4332,4332,4332,4332,4332,4332,4332,4332,4332,4332,4332,5332,0,0,0,0,0,0,0,0,0-0,0,0,0,0,0,0,0,0,0,0,0,0,0,0,5333,0,0,0,0,0,0,0,0,0-7277,7277,7277,7277,7277,7277,7277,7277,7277,7277,7277,0,0,0,0,5333,0,0,0,0,0,0,0,0,0-7278,7278,7278,7278,7278,7278,7278,7278,7278,7278,7278,7277,7277,0,0,5333,0,0,0,0,0,0,0,0,0-0,0,0,0,0,0,0,0,0,0,0,7277,7277,7277,0,5333,0,0,0,0,0,0,0,0,0-0,0,0,0,0,0,0,0,0,0,0,7277,7277,7277,0,1332,4332,4332,4332,4332,4332,5332,0,0,0-6279,0,0,0,7277,0,7277,0,0,0,0,7278,7278,7277,0,0,0,0,0,0,0,5333,0,0,0-6280,0,0,0,7278,0,7278,0,0,0,0,0,0,7278,0,0332,1332,1332,2332,0,0,5333,0,0,0-6280,0,0,0,0,0,0,0,0,0,0,0,0,0,0,0333,0,0,2333,0,0,5333,0,0,0-6280,0281,1281,2281,0,0,7334,1334,1334,0,0,1334,1334,6334,0,0333,0,0,2333,0,0,5333,0,0,0-6280,0278,1278,2278,0,0,2333,0,0,0,0,0,0,3333,0,0334,1334,1334,2334,0,0,5333,0,0,0-6280,3281,4281,5281,0,0,2333,0,0,0,0,0,0,3333,0,0,0,0,0,0,0,5333,0,0,0-6281,3280,1278,2278,0,0,2333,0,0,0,0,0,0,3333,0,0,0,0,0,0,0,5333,0,0,0-0,0279,1279,2279,0,0,2333,0,0,0,0,0,0,3334,4334,4334,4334,4334,4334,4334,4334,5334,0,0,0-0,0280,1280,2280,0,0,2333,0,0,0,0,0,0,0,0,0,0,0,0,0,0,0,0,0,0-0,10,7334,1334,1334,1334,2334,0,0,0,0,0,0,0,0,0,0,0,0,0,0,0,0,0,0-0,0,2333,0,0,0,0,0,0,0,0,0,0,0,0,0,0,0,0,0,0,0,0,0,0-0,0,2333,0,0,0,0,0,0,0,0,0,0,0,0,0,0,0,0,0,0,0,0,0,0
false





2
2

