<mapData>
Overworld South 2x1
00,00,00,00,00,00,00,00,00,00,00,09,29,00,00,00,00,00,00,00,00,00,00,00,00-00,00,00,00,00,00,00,00,00,00,00,09,29,00,00,00,00,00,00,00,00,00,00,00,00-00,00,00,00,00,00,00,00,00,00,08,38,29,00,00,00,00,00,00,00,00,00,00,00,00-00,00,00,00,00,00,00,00,00,00,09,19,48,28,00,00,00,00,00,01,01,00,00,00,00-00,08,18,18,18,28,00,00,00,00,09,19,19,29,00,00,00,00,01,01,01,01,01,00,00-18,38,19,19,19,29,00,00,00,00,09,19,19,29,00,00,00,00,01,01,01,01,01,00,00-110,110,39,19,19,48,18,18,18,18,38,19,19,29,00,00,00,00,01,01,01,01,01,01,01-00,00,09,19,19,19,19,19,19,19,19,19,19,29,00,00,00,00,01,01,01,01,01,01,01-00,00,010,110,110,39,19,19,19,19,110,39,49,210,00,00,00,00,01,01,01,01,00,00,00-00,00,00,00,00,09,19,19,19,29,00,09,29,00,00,00,00,00,00,00,00,00,00,10,00-00,00,00,00,00,010,110,110,110,210,00,09,29,00,00,00,00,00,00,00,00,00,00,00,00-00,10,00,00,00,00,00,00,00,00,00,09,29,00,00,00,00,00,00,00,00,00,00,00,00-00,00,00,00,00,00,00,00,00,00,00,09,29,00,00,00,00,00,00,00,00,00,00,00,00-00,00,00,00,00,00,00,00,00,00,00,09,29,00,00,00,00,00,00,00,00,00,00,00,00-00,10,00,00,00,00,00,00,00,00,00,09,29,00,00,00,00,00,00,00,00,00,00,00,10-00,00,10,00,00,00,00,00,00,00,00,09,29,00,00,00,00,00,00,00,00,00,00,00,00-00,00,10,00,00,00,00,00,00,00,00,09,29,00,00,00,00,00,00,00,00,00,00,00,00-00,00,10,01,01,01,01,00,00,00,00,09,29,00,00,00,00,00,00,00,00,00,00,00,00-00,10,00,01,01,01,01,00,00,00,00,09,48,18,18,18,18,38,28,00,00,00,10,10,00-00,01,01,01,01,01,01,00,00,00,00,010,110,110,110,110,110,110,210,00,00,00,00,10,00-00,01,01,01,01,01,01,00,00,00,00,00,00,00,00,00,00,00,00,00,00,00,01,01,00-00,01,01,01,01,01,01,00,00,00,00,00,00,00,00,00,00,00,00,00,00,01,01,01,01-00,00,01,01,01,00,00,00,00,00,00,00,00,00,00,00,00,00,00,00,01,01,01,01,01-00,00,00,00,00,00,00,00,00,00,00,00,00,00,00,00,00,00,00,01,01,01,01,01,01-00,00,00,00,00,00,00,00,00,00,00,00,00,00,00,00,00,00,00,00,00,01,01,01,01
0,0,0,0,0,0,0,0,0,0,0,0,0,0,0,0,0,0,0,0,0,0,0,0,0-0,0,0,0,0,0,0,0,0,0,0,0,0,0,0,0,0,0,0,0,0,0,0,0,0-0,0,0,0,0,0,0,0,0,0,0,0,0,0,0,0,0,0,0,0,0,0,0,0,0-0,0,0,0,0,0,0,0,0,0,0,0,0,0,0,0,0,0,0,0,0,0,0,0,0-0,0,0,0,0,0,0,0,0,0,0,0,0,0,0,0,0,0,0,0,0,0,0,0,0-0,0,0,0,0,0,0,0,0,0,0,0,0,0,0,0,0,0,0,0,0,0,0,0,0-0,0,0,0,0,0,0,0,0,0,0,0,0,0,0,0,0,0,0,0,0,0,0,0,0-0,0,0,0,0,0,0,0,0,0,0,0,0,0,0,0,0,0,0,0,0,0,0,0,0-0,0,0,0,0,0,0,0,0,0,0,0,0,0,0,0,0,0,0,0,0,0,0,0,0-0,0,0,0,0,0,0,0,0,0,0,0,0,0,0,0,0,0,0,0,0,0,0,0,0-0,0,0,0,0,0,0,0,0,0,0,0,0,0,0,0,0,0,0,0,0,0,0,0,0-0,0,0,0,0,0,0,0,0,0,0,0,0,0,0,0,0,0,0,0,0,0,0,0,0-0,0,0,0,0,0,0,0,0,0,0,0,0,0,0,0,0,0,0,0,0,0,0,0,0-0,0,0,0,0,0,0,0,0,0,0,0,0,0,0,0,0,0,0,0,0,0,0,0,0-0,0,0,0,0,0,0,0,0,0,0,0,0,0,0,0,0,0,0,0,0,0,0,0,0-0,0,0,0,0,0,0,0,0,0,0,0,0,0,0,0,0101,1101,1101,1101,2101,0,0,0,0-0,0,0,0,0,0,0,0,0,0,0,0,0,0,0,0,0102,1102,2102,3102,4102,0,0,0,0-0,0,0,0,0,0,0,0,0,0,0,0,0,0,0,43,0103,1103,2103,3103,4103,0,0,0,0-0,0,0,0,0,0,0,0,0,0,0,0,0,0,0,0,0,0,0,0,0,0,0,0,0-0,0,0,0,0,0,0,0,0,0,0,0,0,0,0,0,0,0,0,0,0,0,0,0,0-0,0,0,0,0,0,0,0,0,0,0,0,0,0,0,0,0,0,0,0,0,0,0,0,0-0,0,0,0,0,0,0,0,0,0,0,0,0,0,0,0,0,0,0,0,0,0,0,0,0-0,0,0,0,0,0,0,0,0,0,0,0,0,0,0,0,0,0,0,0,0,0,0,0,0-0,0,0,0,0,0,0,0,0,0,0,0,0,0,0,0,0,0,0,0,0,0,0,0,0-0,0,0,0,0,0,0,0,0,0,0,0,0,0,0,0,0,0,0,0,0,0,0,0,0
false
4
2
kevin
</mapData>








