<mapData>
Overworld South 0x0
00,00,20,00,20,20,00,20,00,00,00,00,00,00,00,00,00,00,00,00,00,00,00,00,00-00,20,20,00,20,00,20,00,20,00,00,00,00,00,00,00,10,10,00,00,00,00,10,10,10-00,20,00,00,00,10,20,00,00,01,01,01,01,01,01,01,01,00,00,00,00,10,10,00,00-00,00,00,00,10,10,01,00,01,00,01,01,01,01,01,01,01,00,00,00,10,10,00,00,00-00,00,00,10,10,00,01,01,01,01,01,01,01,01,01,01,01,00,00,00,00,00,00,00,00-00,00,00,00,00,00,01,01,01,01,01,01,00,00,00,00,00,00,00,00,00,00,00,00,00-20,00,00,00,00,00,01,01,01,01,01,10,00,00,00,00,00,00,00,00,00,00,00,00,00-00,00,00,00,00,00,01,01,10,00,00,00,10,10,10,00,00,00,00,00,00,00,00,00,00-00,00,00,00,00,00,00,00,00,00,00,00,10,10,00,00,00,00,00,00,00,00,00,00,00-00,00,00,00,00,00,10,00,00,00,00,00,00,00,00,00,00,00,00,00,00,00,00,10,00-00,00,00,00,00,00,00,00,00,00,00,00,00,00,00,00,00,10,00,00,00,08,18,18,18-00,10,00,00,00,00,00,00,00,00,00,00,00,00,00,00,10,10,00,00,00,09,49,110,110-00,00,00,00,00,00,00,00,00,00,00,00,00,00,00,10,10,00,00,00,00,09,29,00,00-00,00,00,00,00,00,00,00,08,18,18,18,18,18,18,18,18,18,18,18,18,38,29,00,00-00,10,00,00,00,00,00,00,09,49,110,110,110,110,110,110,110,110,110,110,110,110,210,00,10-00,00,10,00,00,00,00,00,09,29,20,10,10,00,00,00,00,00,00,00,00,00,00,00,00-00,00,10,00,00,00,00,00,09,29,20,10,00,00,00,00,00,00,00,00,00,00,00,00,00-00,00,10,00,00,00,00,00,09,29,00,00,10,10,10,10,10,10,10,00,00,00,00,00,00-00,00,10,00,00,00,00,00,09,48,18,28,00,00,00,00,00,00,00,00,00,00,10,10,00-00,00,10,00,00,00,00,00,010,110,39,29,00,00,00,00,00,00,01,01,01,01,01,01,00-00,00,00,00,00,00,00,10,00,00,09,29,00,00,00,00,01,01,01,01,01,01,01,01,00-00,00,00,00,00,00,00,10,10,10,09,29,00,00,00,00,01,01,01,01,01,01,00,01,00-00,00,10,00,00,00,00,00,00,00,09,29,10,00,10,10,01,01,00,01,01,01,00,00,00-00,00,00,10,00,00,00,00,00,00,09,29,00,00,00,00,00,01,01,01,00,00,00,00,00-00,00,00,10,00,00,00,00,00,00,09,29,00,00,00,00,00,00,01,00,00,00,00,00,00
0278,1278,2278,3281,4281,5281,527,627,627,627,627,627,627,627,627,627,627,627,627,627,627,627,627,627,627-3281,4281,5281,0278,1278,2278,528,628,628,628,628,628,628,628,628,628,628,628,628,628,628,628,628,628,628-0278,1278,2278,3281,4281,5281,0,0,0,0,0,0,0,0,0,0,0,0,0,0,0,0,0,0,0-3281,4281,5281,0278,1278,2278,0,0,0,0,0,0,0,0,0,0,0,0,0,0,0,0,0,0,0-0278,1278,2278,3281,4281,5281,0,0,0,0,0,0,0,0,0,0,0,0,0,0,0,0,0,0,0-3281,4281,5281,0278,1278,2278,0,0,0,0,0,0,0,0,0,0,0,0,0,0,0,0,0,0,0-0278,1278,2278,3281,4281,5281,0,0,0,0,0,0,0,0,0,0,0,0,0,0,0,0,0,0,0-3281,4281,5281,0278,1278,2278,0,0,0,0,0,0,0,0,0,0,0,0,0,0,0,0,0,0,0-0278,1278,2278,3281,4281,5281,0277,1277,2277,0,0,0,0,0,0,0,0,0,0,0,0,0,0,0,0-3281,4281,5281,0278,1278,2278,0278,1278,2278,0,0,0,0,0,0,0,0,0,0,0,0,0,0,0,0-0278,1278,2278,0279,1279,2279,0279,1279,2279,0,0,0,0,0,0,0,0,0,0,0,0,0,0,0,0-3281,4281,5281,0280,1280,2280,0280,1280,2280,0,0,0,0,0,0,0,0,0,0,0,0,0,0,0,0-0278,1278,2278,0,0,0,0,0,0,0,0,0,0,0,0,0,0,0,0,0,0,0,0,0,0-3281,4281,5281,0,0277,1277,2277,0,0,0,0,0,0,0,0,0,0,0,0,0,0,0,0,0,0-0278,1278,2278,0,0278,1278,2278,0,0,0,0,0,0,0,0,0,0,0,0,0,0,0,0,0,0-3281,4281,5281,0,0279,1279,2279,0,0,0,0,0,0,0,0,0,0,0,0,0,0,0,0,0,0-0278,1278,2278,0,0280,1280,2280,0,0,0,0,0,0,0,0,0,0,0,0,0,0,0,0,0,0-3281,4281,5281,0,0,0,0,0,0,0,0,0,0,0,0,0,0,0,0,0,0,0,0,0,0-0278,1278,2278,0277,1277,2277,0,0,0,0,0,0,0,0,0,0,0,0,0,0,0,0,0,0,0-3281,4281,5281,0278,1278,2278,0,0,0,0,0,0,0,0,0,0,0,0,0,0,0,0,0,0,0-0278,1278,2278,3281,4281,5281,0,0,0,0,0,0,0,0,0,0,0,0,0,0,0,0,0,0,0-3281,4281,5281,0278,1278,2278,0,0,0,0,0,0,0,0,0,0,0,0,0,0,0,0,0,0,0-0278,1278,2278,3281,4281,5281,0,0,0,0,0,0,0,0,0,0,0,0,0,0,0,0,0,0,0-3281,4281,5281,0278,1278,2278,0,0,0,0,0,0,0,0,0,0,0,0,0,0,0,0,0,0,0-0278,1278,2278,3281,4281,5281,0,0,0,0,0,0,0,0,0,0,0,0,0,0,0,0,0,0,0
false
2
1
kevin
</mapData>












