<mapData>
Overworld South 3x3
00,00,00,00,10,00,10,00,00,00,00,00,00,00,30,00,30,00,00,00,00,00,00,00,00-00,30,00,00,01,00,00,30,00,00,00,00,10,00,00,00,00,30,00,20,00,00,00,00,00-00,00,00,01,01,01,01,01,30,00,00,00,00,00,00,00,00,00,00,00,00,00,00,00,00-00,00,00,00,01,01,01,01,01,00,00,00,00,00,10,00,00,00,10,00,00,00,00,30,10-00,00,00,00,01,01,01,01,01,00,00,00,00,00,00,00,00,00,00,00,00,00,00,00,00-00,20,00,00,00,00,01,01,00,00,00,00,01,00,01,01,00,00,00,00,00,00,00,00,00-00,00,00,00,00,00,00,00,00,00,00,01,01,01,01,01,01,00,00,00,00,00,00,00,00-00,00,00,00,00,00,00,00,00,00,00,01,01,01,01,01,01,01,00,00,00,00,00,00,00-00,00,00,00,00,00,00,00,30,00,00,00,00,01,01,01,01,01,00,00,00,00,00,30,20-00,00,00,00,00,00,00,00,30,00,00,10,00,30,00,01,01,00,00,00,00,00,00,30,00-00,00,30,00,00,00,00,00,00,00,00,00,00,00,00,00,00,00,00,00,00,00,00,00,00-00,00,30,00,00,00,00,00,00,00,00,00,00,00,20,00,00,00,00,00,00,00,00,00,00-00,00,00,00,00,00,00,00,00,00,00,00,00,00,00,00,10,00,00,00,00,00,00,00,00-00,00,20,10,20,00,00,00,00,00,00,00,00,00,00,00,00,00,00,00,00,00,00,00,10-00,00,00,20,00,00,00,00,00,00,00,00,00,00,00,30,00,00,00,00,00,00,00,00,00-00,00,00,00,00,00,00,20,00,00,00,00,30,00,00,00,00,00,00,00,00,00,00,00,00-00,00,00,00,00,00,00,00,00,30,00,00,00,00,00,00,00,00,00,00,00,00,00,00,00-00,00,00,00,00,00,00,00,00,00,00,00,00,00,00,00,00,00,00,00,00,00,00,00,00-00,00,10,00,00,00,00,00,00,00,00,00,00,00,20,00,00,00,00,00,00,00,00,00,00-00,00,00,00,00,00,00,00,00,00,00,00,00,00,00,00,10,00,00,00,00,00,00,00,00-00,00,00,10,00,00,00,00,10,00,30,00,00,00,00,00,00,00,00,00,00,30,00,00,00-00,00,00,00,00,00,00,00,00,00,00,00,00,00,00,00,00,00,00,00,00,00,00,00,00-00,00,00,00,30,00,00,30,00,00,00,00,00,00,20,00,00,00,00,00,00,00,00,00,00-10,00,00,00,00,00,00,00,00,00,00,00,00,00,00,00,20,30,00,20,00,00,00,00,00-00,00,00,00,00,00,30,00,00,00,00,00,20,00,00,00,30,00,00,00,00,00,00,00,00
0,0,0,0,0,0,0,0,0,0,0,0,0,0,0,0,0,0,0,0,0,0,0,0,0-0,0,0,0,0,0,0,0,0,0,0,0,0,0,0,0,0,0,0,0,0,0,0,0,0-0,0,0,0,0,0,0,0,0,0,0,0,0,0,0,0,0,0,329,429,529,0,0,0,0-0,0,0,0,0,0,0,0,0,0,0,0,0,0,0,0,0,0,330,430,530,0,0,0,0-0,0,0,0,0,0,0,0,0,0,0,0,0,0,0,0,0,0,331,431,531,0,0,0,0-0,0,0,0,0,0,0,0,0,0,0,0,0,0,0,0,0,0,0,0,0,0,0,0,0-0,60,70,60,70,0,0,0,0,0,0,0,0,0,0,0,0,0,0,0,0,0,0,0,0-0,61,71,61,71,60,70,60,70,60,70,0,0,0,0,0,0,0,0,0,0,0,0,0,0-0,62,72,62,72,61,71,61,71,61,71,60,70,0,0,0,0,0,0,0,0,0,0,0,0-70,61,71,61,71,62,72,62,72,62,72,61,71,60,70,0,0,60,70,0,0,60,70,60,70-71,62,72,62,72,61,71,61,71,61,71,62,72,61,71,60,70,61,71,60,70,61,71,61,71-72,61,71,61,71,62,72,62,72,62,72,61,71,62,72,61,71,62,72,61,71,62,72,62,72-71,62,72,62,72,41,51,61,71,61,71,62,72,61,71,62,72,61,71,62,72,61,71,61,71-72,41,51,61,71,42,52,62,72,62,72,61,71,62,72,61,71,62,72,61,71,62,72,62,72-71,42,52,62,72,0,0,41,51,61,71,62,72,61,71,62,72,61,71,62,72,61,71,61,71-72,0,0,41,51,0,0,42,52,62,72,61,71,62,72,61,71,62,72,61,71,62,72,62,72-51,0,0,42,52,0,0,0,0,41,51,62,72,61,71,62,72,61,71,62,72,61,71,41,51-52,0,0,0,0,0,0,0,0,42,52,61,71,62,72,61,71,62,72,41,51,62,72,42,52-0,0,0,0,0,0,0,0,0,0,0,62,72,61,71,62,72,61,71,42,52,41,51,0,0-0,0,0,0,0,0,0,0,0,0,0,41,51,62,72,61,71,62,72,0,0,42,52,0,0-0,0,0,0,0,0,0,0,0,0,0,42,52,41,51,62,72,41,51,0,0,0,0,0,0-0,0,0,0,0,0,0,0,0,0,0,0,0,42,52,41,51,42,52,0,0,0,0,0,0-0,0,0,0,0,0,0,0,0,0,0,0,0,0,0,42,52,0,0,0,0,0,0,0,0-0,0,0,0,0,0,0,0,0,0,0,0,0,0,0,0,0,0,0,0,0,0,0,0,0-0,0,0,0,0,0,0,0,0,0,0,0,0,0,0,0,0,0,0,0,0,0,0,0,0
false
3
3

</mapData>








