<mapData>
Overworld South 1x1
01,01,01,01,01,00,00,00,00,00,00,00,00,09,29,00,00,00,30,00,00,01,01,01,01-01,01,01,01,01,00,00,00,00,00,00,00,00,09,48,28,00,00,00,00,01,01,01,01,01-01,01,01,01,00,00,00,00,00,00,00,00,08,38,19,29,00,00,00,30,00,00,00,01,00-01,01,01,00,00,00,00,00,00,00,20,00,09,19,19,29,00,00,08,18,18,28,00,00,00-01,01,00,00,00,00,00,00,00,00,00,30,09,19,19,48,18,18,38,19,19,29,00,00,00-00,01,00,00,00,00,00,20,00,00,00,30,010,39,19,19,19,19,19,19,19,48,18,18,18-00,00,10,00,00,00,00,00,00,00,00,30,20,09,19,19,19,49,110,110,110,110,110,110,110-00,00,00,00,00,00,00,00,00,00,30,30,20,010,110,110,110,210,20,00,30,00,00,00,20-00,00,10,00,20,20,00,00,00,00,30,00,00,00,00,20,20,20,00,20,00,30,00,00,00-00,00,00,00,00,30,30,30,00,30,30,20,20,00,00,20,20,00,00,00,00,30,00,10,00-00,00,00,00,00,30,20,30,00,30,00,30,20,00,20,20,20,00,00,00,00,00,00,00,00-00,10,00,00,30,20,20,30,01,01,20,30,20,00,00,00,00,30,30,30,00,00,30,00,00-00,00,00,00,30,00,01,01,01,01,01,01,01,01,01,30,30,30,30,00,00,00,30,00,00-00,00,00,20,30,00,01,01,01,01,01,01,01,01,01,00,30,00,00,00,30,30,00,00,00-00,10,00,20,30,00,01,01,01,01,01,01,01,01,01,30,20,20,20,00,20,00,00,00,10-00,00,10,00,00,30,00,01,01,01,01,01,01,20,20,20,00,20,20,00,20,00,00,00,00-00,00,10,00,00,30,00,01,01,01,01,00,30,00,30,30,30,00,20,00,00,00,00,00,00-00,00,10,00,00,00,30,01,20,30,30,30,20,20,00,00,20,20,00,01,20,00,00,00,00-00,10,00,00,00,00,00,00,00,30,20,20,20,20,20,20,30,01,01,01,01,01,10,10,00-00,00,00,00,00,00,00,00,00,20,30,00,30,00,30,30,01,01,01,01,01,01,00,10,00-00,00,00,00,00,00,00,00,00,00,00,00,00,00,00,00,30,01,01,01,01,01,00,00,00-00,00,00,00,00,00,00,00,00,00,00,00,20,00,00,00,30,01,01,01,00,00,00,00,00-00,00,00,00,00,00,00,00,00,00,00,00,00,00,00,00,00,00,00,00,00,00,00,00,00-00,00,00,00,00,00,00,00,00,00,00,00,00,00,00,20,20,20,00,00,00,00,00,00,00-00,00,00,00,00,00,00,00,00,00,00,00,00,00,00,00,00,00,00,00,00,00,00,00,00
0,0,0,0,0,0,0,0,0,0,0,0,0,0,0,0,0,0,0,0,0,0,0,0,0-0,0,0,0,0,0,0,0,0,0,0,0,0,0,0,0,0,0,0,0,0,0,0,0,0-0,0,0,0,0,0,0,0,0,0,0,0,0,0,0,0,0,0,0,0,0,0,0,0,0-0,0,0,0,0,0,0,0,0,0,0,0,0,0,0,0,0,0,0,0,0,0,0,0,0-0,0,0,0,0,0,0,0,0,0,0,0,0,0,0,0,0,0,0,0,0,0,0,0,0-0,0,0,0,0,0,0,0,0,0,0,0,0,0,0,0,0,0,0,0,0,0,0,0,0-0,0,0,0,0,0,0,0,0,0,0,0,0,0,0,0,0,0,0,0,0,0,0,0,0-0,0,0,0,0,0,0,0,0,0,0,0,0,0,0,0,0,0,0,0,0,0,0,0,0-0,0,0,0,0,0,0,0,0,0,0,0,0,0,0,0,0,0,0,0,0,0,0,0,0-0,0,0,0,0,0,0,0,0,0,0,0,0,0,0,0,0,0,0,0,0,0,0,0,0-0,0,0,0,0,0,0,0,0,0,0,0,0,0,0,0,0,0,0,0,0,0,0,0,0-0,0,0,0,0,0,0,0,0,0,0,0,0,0,0,0,0,0,0,0,0,0,0,0,0-0,0,0,0,0,0,0,0,0,0,0,0,0,0,0,0,0,0,0,0,0,0,0,0,0-0,0,0,0,0,0,0,0,0,0,0,0,0,0,0,0,0,0,0,0,0,0,0,0,0-0,0,0,0,0,0,0,0,0,0,0,0,0,0,0,0,0,0,0,0,0,0,0,0,0-0,0,0,0,0,0,0,0,0,0,0,0,0,0,0,0,0,0,0,0,0,0,0,0,0-0,0,0,0,0,0,0,0,0,0,0,0,0,0,0,0,0,0,0,0,0,0,0,0,0-0,0,0,0,0,0,0,0,0,0,0,0,0,0,0,0,0,0,0,0,0,0,0,0,0-0,0,0,0,0,0,0,0,0,0,0,0,0,0,0,0,0,0,0,0,0,0,0,0,0-0,0,0,0,0,0,0,0,0,0,0,0,0,0,0,0,0,0,0,0,0,0,0,0,0-0,0,0,0,0,0,0,0,0,0,0,0,0,0,0,0,0,0,0,0,0,0,0,0,0-0,0,0,0,0,0,0,0,0,0,0,0,0,0,0,0,0,0,0,0,0,0,0,0,0-0,0,0,0,0,0,0,0,0,0,0,0,0,0,0,0,0,0,0,0,0,0,0,0,0-0,0,0,0,0,0,0,0,0,0,0,0,0,0,0,0,0,0,0,0,0,0,0,0,0-0,0,0,0,0,0,0,0,0,0,0,0,0,0,0,0,0,0,0,0,0,0,0,0,0
false
3
2
</mapData>








