<mapData>
Overworld South 4x3
00,00,00,30,00,00,20,00,00,00,00,10,00,00,00,00,20,00,00,00,00,00,20,00,00-00,00,00,00,00,00,00,00,00,10,00,00,00,00,00,00,00,00,00,00,00,00,00,00,00-00,00,00,00,00,00,00,00,20,00,00,10,00,00,10,00,00,00,30,01,01,00,00,30,20-00,00,00,00,00,00,20,00,20,00,00,00,00,00,00,10,00,00,01,01,01,01,00,00,00-00,00,00,00,00,10,00,00,00,01,01,00,00,00,00,20,00,01,01,01,01,01,01,00,00-00,20,00,00,00,00,00,01,01,01,01,01,30,00,00,00,00,01,01,01,01,01,00,00,00-00,00,00,00,00,00,01,01,01,01,01,01,00,30,00,00,00,00,01,01,01,00,00,00,00-00,30,00,00,00,01,01,01,01,01,01,01,01,00,00,00,00,00,00,01,00,00,10,30,00-00,20,00,30,01,01,01,01,01,01,01,01,01,10,00,00,30,00,01,01,00,00,00,00,00-00,00,00,01,01,01,01,01,00,00,00,00,01,01,00,00,00,00,30,00,00,00,00,00,00-00,00,00,01,01,01,00,00,00,00,00,10,00,00,00,00,00,00,00,00,00,00,00,00,30-00,00,00,00,00,00,00,00,00,00,00,00,00,00,00,00,00,00,00,10,00,00,00,00,00-00,00,00,00,00,00,00,00,00,00,00,00,00,00,00,00,00,00,00,00,00,00,20,00,00-00,00,00,00,00,00,00,00,00,00,00,00,00,00,00,00,00,00,00,00,00,00,00,00,00-00,00,00,00,00,00,00,00,00,10,00,00,00,00,00,00,00,00,00,00,00,10,00,00,00-00,00,00,00,00,00,00,00,00,00,00,00,00,00,00,00,00,20,00,00,00,00,00,00,00-00,00,00,00,00,00,00,00,00,00,00,00,00,00,00,00,00,30,00,00,00,00,00,00,00-00,00,00,00,00,00,00,00,00,20,00,00,00,00,00,00,20,00,00,00,00,00,00,00,00-00,00,00,00,00,00,10,10,00,00,30,00,00,00,00,00,00,00,00,00,00,00,00,30,00-00,00,00,00,00,00,00,00,00,00,00,00,00,10,00,00,00,00,00,00,00,00,00,00,00-00,00,00,00,00,00,30,00,00,00,00,00,00,00,00,20,00,00,00,00,59,69,69,69,69-69,69,69,79,00,00,10,00,00,00,00,00,00,00,00,00,00,00,00,00,510,411,611,611,611-611,611,311,710,30,00,00,00,00,00,00,00,20,00,00,00,00,00,00,00,510,710,00,10,00-00,00,510,710,00,00,00,00,00,00,00,20,00,00,30,00,00,00,00,00,510,710,00,00,00-00,00,510,710,00,20,00,00,00,00,00,00,00,00,30,00,00,10,00,00,510,710,30,00,00
0,0,0,0,0,0,0,0,0,0,0,0,0,0,0,0,0,0,0,0,0,0,0,0,0-0,0,0,0,0,0,0,0,0,0,0,0,0,0,0,0,0,0,0,0,0,0,0,0,0-0,0,0,0,0,0,0,0,0,0,0,0,0,0,0,0,0,0,0,0,0,0,0,0,0-0,0,0,0,0,0,0,0,0,0,0,0,0,0,0,0,0,0,0,0,0,0,0,0,0-0,0,0,0,0,0,0,0,0,0,0,0,0,0,0,0,0,0,0,0,0,0,0,0,0-0,0,0,0,0,0,0,0,0,0,0,0,0,0,0,0,0,0,0,0,0,0,0,0,0-0,0,0,0,0,0,0,0,0,0,0,0,0,0,0,0,0,0,0,0,0,0,0,0,60-0,0,0,0,0,0,0,0,0,0,0,0,0,0,0,0,0,0,0,0,60,70,60,70,61-0,0,0,0,0,0,0,0,0,0,0,0,0,0,0,0,60,70,0,0,61,71,61,71,62-0,0,0,0,0,0,0,0,60,70,60,70,0,0,60,70,61,71,60,70,62,72,62,72,61-60,70,0,0,0,0,60,70,61,71,61,71,60,70,61,71,62,72,61,71,61,71,61,71,62-61,71,60,70,60,70,61,71,62,72,62,72,61,71,62,72,61,71,62,72,62,72,62,72,61-62,72,61,71,61,71,62,72,61,71,61,71,62,72,61,71,62,72,61,71,61,71,61,71,62-61,71,62,72,62,72,61,71,62,72,62,72,61,71,62,72,61,71,62,72,62,72,62,72,41-62,72,61,71,61,71,62,72,61,71,61,71,62,72,61,71,62,72,61,71,61,71,61,71,42-61,71,62,72,62,72,61,71,62,72,62,72,61,71,62,72,61,71,62,72,62,72,62,72,0-62,72,61,71,61,71,62,72,61,71,61,71,62,72,41,51,62,72,61,71,41,51,41,51,0-61,71,62,72,62,72,61,71,62,72,62,72,41,51,42,52,41,51,62,72,42,52,42,52,0-62,72,41,51,41,51,62,72,41,51,41,51,42,52,0,0,42,52,41,51,0,0,0,0,0-41,51,42,52,42,52,41,51,42,52,42,52,0,0,0,0,0,0,42,52,0,0,0,0,0-42,52,0,0,0,0,42,52,0,0,0,0,0,0,0,0,0,0,0,0,0,0,0,0,0-0,0,0,0,0,0,0,0,0,0,0,0,0,0,0,0,0,0,0,0,0,0,0,0,0-0,0,0,0,0,0,0,0,0,0,0,0,0,0,0,0,0,0,0,0,0,0,0,0,0-0,0,0,0,0,0,0,0,0,0,0,0,0,0,0,0,0,0,0,0,0,0,0,0,0-0,0,0,0,0,0,0,0,0,0,0,0,0,0,0,0,0,0,0,0,0,0,0,0,0
false
4
3
kevin
</mapData>











