<mapData>
Overworld 2x3
00,00,00,20,00,00,00,00,00,01,01,01,00,00,00,30,00,00,00,00,00,00,00,10,00-00,00,20,00,00,00,00,00,00,00,01,01,01,00,00,00,00,00,00,00,00,00,00,00,00-00,00,00,00,00,20,00,00,00,00,01,01,01,01,01,01,00,00,00,00,00,00,00,00,00-00,00,00,00,00,00,00,00,00,00,00,01,01,01,01,01,01,00,00,00,00,00,00,00,20-00,20,00,00,30,00,00,00,30,10,00,01,01,01,01,01,01,01,00,00,00,00,00,00,00-00,00,00,00,00,00,00,00,00,00,00,20,00,01,01,01,01,01,01,00,00,00,00,00,00-00,00,00,00,00,00,00,00,00,00,00,00,00,00,01,01,01,01,01,01,00,00,00,00,00-00,00,30,00,30,00,00,00,00,00,00,00,00,00,00,01,01,01,01,00,20,00,00,00,00-00,00,30,00,00,20,00,00,00,00,00,00,00,00,00,01,01,01,00,00,00,00,00,00,00-00,00,00,00,00,00,00,00,00,30,00,00,00,00,00,01,01,00,00,00,00,00,00,00,00-10,00,00,00,00,00,00,00,00,00,00,00,00,00,00,01,00,00,00,00,00,00,00,10,00-00,00,00,20,10,20,00,00,00,20,00,00,00,10,00,00,00,00,00,10,00,00,00,00,00-00,00,00,00,00,00,10,00,10,10,00,00,00,00,10,00,00,00,00,00,00,00,10,00,00-00,00,10,00,00,00,00,00,00,00,00,00,00,00,00,00,00,00,00,00,00,00,00,00,00-00,00,00,00,00,00,00,00,00,00,00,00,20,00,00,00,00,00,00,10,00,00,00,00,00-00,30,00,30,10,00,00,00,00,00,00,00,00,00,00,00,00,00,00,00,00,00,00,00,00-00,00,00,00,00,00,00,00,00,00,00,00,00,00,00,00,30,00,30,00,00,00,00,00,00-00,00,00,00,00,00,00,00,00,00,00,00,00,00,00,00,00,00,00,00,00,00,00,10,00-00,00,00,00,00,00,20,00,00,00,00,00,00,00,00,00,10,00,00,00,00,00,00,00,00-00,00,00,30,00,00,00,00,00,00,20,00,00,00,00,00,00,00,00,10,00,00,00,00,00-00,00,00,00,00,00,00,00,00,00,00,00,00,00,20,00,00,00,00,00,00,00,00,00,00-00,00,00,00,00,00,00,00,00,00,00,00,00,00,00,00,00,00,00,00,00,00,00,00,00-00,00,20,00,00,00,00,00,00,00,00,00,00,00,00,00,00,00,00,00,00,00,00,00,00-00,00,00,00,00,00,00,00,00,00,00,00,00,00,00,00,00,30,00,00,00,00,00,00,00-00,00,00,00,00,00,20,00,00,00,00,00,00,00,00,00,00,00,00,10,30,00,00,00,00
6280,6280,6280,6280,6280,6280,6280,6280,6279,0,0,0,0,0,0,0,0,0,0,0,0,0,0,0,0-6280,6280,6280,6280,6280,6280,6280,6280,6280,6279,0,0,0,0,0,0,0,0,0,0,0,0,0,0,0-6280,6280,6280,6280,6280,6280,6280,6280,6280,6280,0,0,0,0,0,0,0,0,0,0,0,0,0,0,0-6280,6280,6280,6280,6280,6280,6280,6280,6280,6280,6279,0,0,0,0,0,0,0,0,0,0,0,0,0,0-6280,6280,6280,6280,6280,6280,6280,6280,6280,6280,6280,0,0,0,0,0,0,0,0,0,0,0,0,0,0-6281,6281,6280,6280,6280,6280,6280,6280,6280,6280,6280,6279,0,0,0,0,0,0,0,0,0,0,0,0,0-0,0,6281,6280,6280,6280,6280,6280,6280,6280,6280,6280,6279,6279,0,0,0,0,0,0,0,0,0,0,0-0,0,0,6281,6280,6280,6280,6280,6280,6280,6280,6280,6280,6280,6279,0,0,0,0,0,0,0,0,0,0-0,0,0,0,6281,6280,6280,6280,6280,6280,6280,6280,6280,6280,6280,0,0,0,0,0,0,0,0,0,0-0,0,0,0,0,6281,6281,6280,6280,6280,6280,6280,6280,6280,6280,0,0,0,0,0,0,0,60,70,60-0,0,0,0,0,0,0,6280,6280,6280,6280,6280,6280,6280,6280,0,0,0,0,0,60,70,61,71,61-0,0,0,0,0,0,0,6281,6280,6280,6280,6280,6281,6281,6281,0,60,70,60,70,61,71,62,72,62-0,0,0,0,0,0,0,0,6281,6280,6280,6280,60,70,0,0,61,71,61,71,62,72,61,71,61-0,0,0,0,0,0,0,0,0,6281,6281,6281,61,71,0,0,62,72,62,72,61,71,62,72,62-0,0,0,0,0,0,0,0,0,0,60,70,62,72,60,70,61,71,61,71,62,72,41,51,61-0,0,0,0,0,0,0,0,0,0,61,71,61,71,61,71,62,72,62,72,61,71,42,52,62-0,0,0,0,0,0,0,0,0,0,62,72,62,72,62,72,61,71,41,51,62,72,0,0,41-0,0,0,0,0,0,0,0,60,70,61,71,61,71,61,71,62,72,42,52,41,51,0,0,42-0,0,0,0,0,0,60,70,61,71,62,72,62,72,62,72,41,51,0,0,42,52,0,0,0-0,0,0,0,0,0,61,71,62,72,61,71,61,71,41,51,42,52,0,0,0,0,0,0,0-0,0,0,0,60,70,62,72,61,71,62,72,62,72,42,52,0,0,0,0,0,0,0,0,0-0,0,0,0,61,71,61,71,62,72,61,71,41,51,0,0,0,0,0,0,0,0,0,0,0-0,0,60,70,62,72,62,72,61,71,62,72,42,52,0,0,0,0,0,0,0,0,0,0,0-0,0,61,71,61,71,61,71,62,72,41,51,0,0,0,0,0,0,0,0,0,0,0,0,0-0,0,62,72,62,72,62,72,41,51,42,52,0,0,0,0,0,0,0,0,0,0,0,0,0
false
2
3
kevin
</mapData>
















