<mapData>
Overworld South 1x0
00,00,00,00,00,00,00,00,00,00,00,00,00,00,00,00,00,00,00,00,00,00,00,00,00-00,00,00,00,00,00,00,00,00,00,00,00,00,00,00,00,00,00,00,00,00,00,00,00,00-00,00,01,00,00,00,00,00,00,00,00,00,00,00,00,00,00,00,00,00,00,00,00,00,00-00,01,01,01,01,00,00,00,00,00,00,00,00,00,00,00,00,00,00,00,00,00,00,00,00-01,01,01,01,01,00,00,00,00,00,00,00,00,00,00,00,00,00,00,00,01,00,00,00,00-00,01,01,01,01,01,00,00,00,00,00,00,00,00,00,00,00,00,00,00,01,01,01,01,00-00,01,01,01,01,00,00,00,00,00,00,00,00,00,00,00,00,00,00,00,01,01,01,01,00-00,00,00,00,00,00,00,00,00,00,00,00,00,00,00,00,00,00,01,01,01,01,01,01,00-00,00,10,00,00,00,00,00,00,00,00,00,00,00,00,00,00,00,01,01,01,01,01,01,00-00,00,00,00,00,00,00,00,00,00,00,00,00,00,00,00,00,00,00,01,01,01,01,01,00-18,18,18,18,18,18,18,18,18,18,18,18,18,28,00,00,00,00,00,01,01,01,01,01,00-110,110,110,110,39,19,19,19,19,19,19,19,19,48,18,28,00,00,00,00,00,01,00,01,00-00,10,00,00,09,19,19,19,19,19,19,19,19,19,19,29,00,00,00,00,00,00,00,00,00-00,00,00,00,09,19,19,19,19,19,19,19,19,19,19,29,00,00,00,00,00,00,00,00,00-00,10,00,00,010,110,110,110,39,19,19,19,19,19,19,29,00,00,00,00,00,00,00,00,10-00,00,10,00,00,00,00,00,09,19,19,19,19,49,110,210,00,00,00,00,01,01,01,00,00-00,00,10,00,00,00,00,00,09,19,19,19,19,29,00,00,00,00,00,00,01,01,01,01,00-00,00,10,00,00,00,20,00,09,19,19,19,19,48,18,28,00,00,00,01,01,00,01,00,00-00,10,00,00,00,00,00,00,010,110,110,39,19,19,19,29,00,00,00,01,01,01,01,10,00-00,01,01,01,00,00,00,00,00,00,00,09,19,19,19,29,00,00,00,00,01,00,00,10,00-01,01,01,01,01,00,00,00,00,00,00,09,19,19,19,29,00,00,00,00,01,00,00,00,00-01,01,01,01,01,01,00,00,00,00,00,09,19,19,49,210,00,00,00,00,00,00,00,00,00-01,01,01,01,01,01,00,00,00,00,00,010,110,39,29,00,00,00,00,00,00,00,00,00,00-01,01,01,01,00,00,00,00,00,00,00,00,00,09,29,00,00,00,00,00,00,00,00,00,00-00,00,00,00,00,00,00,00,00,00,00,00,00,09,29,00,00,00,00,00,00,00,00,00,00
627,627,627,627,627,627,627,627,627,627,627,627,627,627,627,627,627,627,627,627,627,627,627,627,627-628,628,628,628,628,628,628,628,628,628,628,628,628,628,628,628,628,628,628,628,628,628,628,628,628-0,0,0,0,0,0,0,0,0,0,0,0,0,0,0,0,0,0,0,0,0,0,0,0,126-0,0,0,0,0,0,0,0,0,0,0,0,0,0,0,0,0,0,0,0,0,0,0,0,126-0,0,0,0,0,0,0,0,0,0,0,0,0,0,0,0,0,0,0,0,0,0,0,0,126-0,0,0,0,0,0,0,0,0,0,0,0,0,0,0,0,0,0,0,0,0,0,0,0,126-0,0,0,0,0,0,0,0,0,0,0,0,0,0,0,0,0,0,0,0,0,0,0,0,126-0,0,0,0,0,0,0,0,0,0,0,0,0,0,0,0,0,0,0,0,0,0,0,0,126-0,0,0,0,0,0,0,0,0,0,0,0,0,0,0,0,0,0,0,0,0,0,0,0,126-0,0,0,0,0,0,0,0,0,0,0,0,0,0,0,0,0,0,0,0,0,0,0,0,126-0,0,0,0,0,0,0,0,0,0,0,0,0,0,0,0,0,0,0,0,0,0,0,0,126-0,0,0,0,0,0,0,0,0,0,0,0,0,0,0,0,0,0,0,0,0,0,0,0,126-0,0,0,0,0,0,0,0,0,0,0,0,0,0,0,0,0,0,0,0,0,0,0,0,126-0,0,0,0,0,0,0,0,0,0,0,0,0,0,0,0,0,0,0,0,0,0,0,0,126-0,0,0,0,0,0,0,0,0,0,0,0,0,0,0,0,0,0,0,0,0,0,0,0,126-0,0,0,0,0,0,0,0,0,0,0,0,0,0,0,0,0,0,0,0,0,0,0,0,126-0,0,0,0,0,0,0,0,0,0,0,0,0,0,0,0,0,0,0,0,0,0,0,0,126-0,0,0,0,0,0,0,0,0,0,0,0,0,0,0,0,0,0,0,0,0,0,0,0,126-0,0,0,0,0,0,0,0,0,0,0,0,0,0,0,0,0,0,0,0,0,0,0,0,126-0,0,0,0,0,0,0,0,0,0,0,0,0,0,0,0,0,0,0,0,0,0,0,0,126-0,0,0,0,0,0,0,0,0,0,0,0,0,0,0,0,0,0,0,0,0,0,0,0,126-0,0,0,0,0,0,0,0,0,0,0,0,0,0,0,0,0,0,0,0,0,0,0,0,126-0,0,0,0,0,0,0,0,0,0,0,0,0,0,0,0,0,0,0,0,0,0,0,0,126-0,0,0,0,0,0,0,0,0,0,0,0,0,0,0,0,0,0,0,0,0,0,0,0,126-0,0,0,0,0,0,0,0,0,0,0,0,0,0,0,0,0,0,0,0,0,0,0,0,127
false
3
1
kevin
</mapData>












