<mapData>
Overworld South 3x1
00,00,00,00,00,00,01,01,01,00,01,00,510,610,710,01,00,01,01,00,00,00,00,00,00-00,00,00,00,00,00,01,01,00,01,00,00,511,611,711,00,00,01,00,01,00,00,00,00,00-00,00,00,00,00,01,01,01,01,00,01,00,09,19,29,01,01,00,01,00,00,00,01,00,00-00,00,00,01,08,18,18,18,18,18,18,18,38,19,19,18,18,18,28,01,00,01,00,00,00-00,00,00,00,09,49,110,110,110,110,110,110,110,110,110,110,110,39,29,00,01,01,00,10,00-00,00,00,00,09,29,01,00,00,00,01,00,01,01,00,00,01,09,29,00,01,01,00,00,00-00,00,10,01,09,29,00,00,01,01,01,01,00,00,01,01,00,09,29,00,00,01,00,00,00-00,00,00,00,09,29,01,00,00,00,01,01,01,01,01,01,00,09,29,01,00,01,00,10,00-00,00,10,00,010,210,00,00,01,00,00,01,00,01,01,01,00,010,210,00,01,01,01,00,00-00,00,00,00,59,79,00,01,00,00,01,01,01,01,01,00,00,59,79,00,00,01,00,10,00-00,00,00,00,510,710,01,01,01,00,00,00,01,01,00,01,01,510,710,01,01,01,612,712,00-00,10,00,01,510,710,01,01,01,01,01,00,00,01,00,01,00,511,711,00,00,01,614,714,00-00,00,00,00,510,710,00,01,00,00,00,01,01,01,00,01,01,08,28,00,01,01,01,00,00-00,00,00,00,511,711,01,01,01,01,00,01,00,01,01,00,01,09,29,01,00,00,01,00,00-00,10,00,01,00,01,00,00,01,00,01,01,00,00,00,01,01,09,48,18,28,00,01,00,10-00,00,10,01,00,00,01,01,00,01,00,00,01,00,01,01,01,09,49,110,210,01,00,00,00-00,00,10,00,01,00,00,00,01,00,00,01,01,01,00,01,00,09,29,00,00,00,00,00,00-00,00,10,00,01,01,01,00,00,01,00,01,00,00,01,01,00,09,29,01,00,00,01,00,00-00,10,00,01,01,00,00,01,01,08,18,28,59,69,69,79,08,38,29,01,00,00,10,10,00-00,00,01,01,01,01,01,01,01,09,49,210,511,611,611,711,010,110,210,00,00,00,00,10,00-00,00,00,00,00,00,00,00,00,09,29,00,00,00,01,00,00,01,01,00,00,00,00,00,00-01,00,00,01,01,00,00,01,01,09,29,00,00,01,00,00,01,00,00,00,00,00,00,00,00-00,00,00,00,01,00,00,00,00,010,210,00,00,00,00,01,01,00,00,00,00,00,00,00,00-00,68,78,00,00,00,00,01,00,59,79,00,00,00,00,00,00,00,00,00,00,00,00,00,00-00,00,00,00,00,00,00,00,00,510,710,00,00,00,00,00,00,00,00,00,00,00,00,00,00
0,0,0,0,124,0,0,0,0,0,0,0,0,0,0,0,0,0,0,0,024,0,0,0,0-0,0,624,023,725,0,0,0,0,0,0,0,0,0,0,0,0,0,0,0,625,023,023,724,0-0,0,024,0,0,0,0,0,0,0,0,0,0,0,0,0,0,0,0,0,0,0,0,124,0-0,0,024,0,0,0,0,0,0,0,0,0,0,0,0,0,0,0,0,0,0,0,0,124,0-0,0,024,0,0,0,0,0,0,0,0,0,0,0,0,0,0,0,0,0,0,0,0,124,0-0,0,024,0,0,0,0,0,0,0,0,0,0,0,0,0,0,0,0,0,0,0,0,124,0-0,0,024,0,0,0,0,0,0,0,0,0,0,0,0,0,0,0,0,0,0,0,0,124,0-0,0,024,0,0,0,0,0,0,0,0,0,0,0,0,0,0,0,0,0,0,0,0,124,0-0,0,024,0,0,0,0,0,0,0,0,0,0,0,0,0,0,0,0,0,0,0,0,124,0-0,0,024,0,0,0,0,0,0,0,0,0,0,0,0,0,0,0,2407,0,0,0,0,124,0-0,0,024,0,0,0,0,0,0,0,0,0,0,0,0,0,0,0,2408,0,0,0,0,124,0-0,0,024,0,3407,0,0,0,0,0,0,0,0,0,0,0,0,0,0,0,0,0,0,124,0-0,0,024,0,3408,0,0,0,0,0,0,0,0,0,0,0,0,0,0,0,0,0,0,124,0-0,0,024,0,0,0,0,0,0,0,0,0,0,0,0,0,0,0,0,0,0,0,0,124,0-0,0,024,0,0,0,0,0,0,0,0,0,0,0,0,0,0,0,0,0,0,0,0,124,0-0,0,024,0,0,0,0,0,0,0,0,0,0,0,0,0,0,0,0,0,0,0,0,124,0-0,0,024,0,0,0,0,0,0,0,0,0,0,0,0,0,0,0,0,0,0,0,0,124,0-0,0,024,0,0,0,0,0,0,0,0,0,0,0,0,0,0,0,0,0,0,0,0,224,0-0,63,324,0,0,0,0,0,0,0,0,0,0,2407,0,0,0,0,0,0,0,63,0,60,70-54,64,74,0,0,0,0,0,0,0,0,0,0,2408,0,0,0,0,0,0,54,64,74,61,71-55,65,75,0,0,0,0,0,0,0,0,0,0,0,0,0,0,0,0,0,55,65,75,62,72-56,65,76,0,0,0,0,0,0,0,0,0,0,0,0,0,0,0,60,70,56,66,76,61,71-57,67,77,0,0,0,0,0,0,0,0,0,60,70,0,0,0,0,41,51,57,67,77,62,72-58,60,70,60,70,0,0,0,0,0,0,0,41,51,60,70,60,70,42,52,58,68,78,61,71-0,41,51,41,51,60,70,60,70,0,0,33,42,52,61,51,41,51,0,0,0,0,0,62,72
false
5
2
kevin
</mapData>








