<mapData>
Overworld South 2x0
00,00,00,00,00,00,00,00,00,00,00,00,00,00,00,00,00,00,00,00,00,00,00,00,00-00,00,00,00,00,00,00,00,00,00,00,00,00,00,00,00,00,00,00,00,00,00,00,00,00-00,00,00,00,00,00,00,00,00,00,00,00,00,00,00,00,00,00,00,00,00,00,00,00,01-00,00,00,00,00,00,00,00,00,00,00,00,00,00,00,00,00,00,00,00,00,00,00,00,01-00,00,00,00,01,01,00,00,00,00,00,00,00,00,00,00,00,00,00,00,00,00,00,00,01-00,00,01,00,01,01,00,00,00,00,00,00,00,00,00,00,00,00,00,00,00,00,00,00,01-00,00,01,01,01,01,00,00,00,00,00,00,08,18,18,18,18,28,00,00,00,00,00,00,01-01,01,01,01,01,01,00,00,00,00,00,00,09,19,19,19,19,29,00,00,00,00,00,00,00-00,01,01,01,01,01,00,00,00,08,18,18,38,19,19,19,19,48,18,18,18,18,28,00,01-00,01,01,01,01,00,00,00,00,09,19,19,19,19,19,19,19,19,19,19,19,19,29,10,00-00,01,01,01,01,00,00,00,00,09,19,19,19,19,19,19,19,19,19,19,19,19,48,18,18-00,01,01,01,01,01,00,00,00,09,19,19,19,19,19,19,19,19,19,19,19,19,19,49,110-00,01,01,01,01,01,00,00,00,09,19,19,19,19,19,19,49,110,110,110,39,19,19,29,00-00,00,00,01,01,01,00,00,00,09,19,19,19,19,19,19,29,00,00,00,010,110,110,210,00-00,10,00,01,00,00,00,00,00,09,19,19,19,49,110,110,210,00,00,00,00,00,00,00,10-00,00,10,01,00,00,00,00,00,09,19,19,19,29,00,00,00,00,00,00,00,00,00,00,00-00,00,10,00,00,00,00,00,00,010,39,19,19,29,00,00,00,00,00,00,00,00,00,00,00-00,00,10,00,00,00,00,00,00,00,09,19,19,29,00,00,00,00,00,00,00,00,00,00,00-00,10,00,00,00,00,00,00,00,00,09,19,19,48,28,00,00,00,00,00,00,01,01,10,00-00,00,00,00,00,00,00,00,00,00,09,19,19,19,29,00,00,00,00,00,00,01,01,10,00-00,00,00,01,01,00,00,00,00,00,010,39,19,19,29,00,00,00,00,01,01,01,01,01,00-00,00,01,01,01,01,00,00,00,00,00,09,49,110,210,00,00,00,01,01,01,01,01,01,00-00,00,01,01,01,01,00,00,00,00,00,09,29,00,00,00,00,00,01,01,01,01,01,01,00-00,00,00,01,01,01,00,00,00,00,00,09,29,00,00,00,00,00,01,01,01,01,01,00,00-00,00,00,00,00,00,00,00,00,00,00,09,29,00,00,00,00,00,00,00,00,00,00,00,00
627,627,627,627,627,627,627,627,627,627,627,627,627,627,627,627,627,627,627,627,627,627,627,627,627-628,628,628,628,628,628,628,628,628,628,628,628,628,628,628,628,628,628,628,628,628,628,628,628,628-0,0,0,0,0,0,0,0,0,0,0,0,0,0,0,0,0,0,0,0,0,0,0,026,0-0,0,0,0,0,0,0,0,0,0,0,0,0,0,0,0,0,0,0,0,0,0,0,026,0-0,0,0,0,0,0,0,0,0,0,0,0,0,0,0,0,0,0,0,0,0,0,0,026,0-0,0,0,0,0,0,0,0,0,0,0,0,0,0,0,0,0,0,0,0,0,0,0,026,0-0,0,0,0,0,0,0,0,0,0,0,0,0,0,0,0,0,0,0,0,0,0,0,026,0-0,0,0,0,0,0,0,0,0,0,0,0,0,0,0,0,0,0,0,0,0,0,0,026,0-0,0,0,0,0,0,0,0,0,0,0,0,0,0,0,0,0,0,0,0,0,0,0,026,0-0,0,0,0,0,0,0,0,0,0,0,0,0,0,0,0,0,0,0,0,0,0,0,226,426-0,0,0,0,0,0,0,0,0,0,0,0,0,0,0,0,0,0,0,0,0,0,0,0,0-0,0,0,0,0,0,0,0,0,0,0,0,0,0,0,0,0,0,0,0,0,0,0,0,0-0,0,0,0,0,0,0,0,0,0,0,0,0,0,0,0,0,0,0,0,0,0,0,225,426-0,0,0,0,0,0,0,0,0,0,0,0,0,0,0,0,0,0,0,0,0,0,0,026,0-0,0,0,0,0,0,0,0,0,0,0,0,0,0,0,0,0,0,0,0,0,0,0,026,0-0,0,0,0,0,0,0,0,0,0,0,0,0,0,0,0,0,0,0,0,0,0,0,027,0-0,0,0,0,0,0,0,0,0,0,0,0,0,0,0,0,0,5368,6368,7368,0,0,0,0,0-0,0,0,0,0,0,0,0,0,0,0,0,0,0,0,0,0,5369,6369,7369,0,0,0,0,0-0,0,0,0,0,0,0,0,0,0,0,0,0,0,0,0,0,5370,6370,7370,0,0,0,0,0-0,0,0,0,0,0,0,0,0,0,0,0,0,0,0,0,0,0,0,0,0,0,0,0,0-0,0,0,0,0,0,0,0,0,0,0,0,0,0,0,0,0,0,0,0,0,0,0,0,0-0,0,0,0,0,0,0,0,0,0,0,0,0,0,0,0,0,0,0,0,0,0,0,0,0-0,0,0,0,0,0,0,0,0,0,0,0,0,0,0,0,0,0,0,0,0,0,0,0,0-0,0,0,0,0,0,0,0,0,0,0,0,0,0,0,0,0,0,0,0,0,0,0,0,0-0,0,0,0,0,0,0,0,0,0,0,0,0,0,0,0,0,0,0,0,0,0,0,0,0
false
4
1
kevin
</mapData>
<pokemon>
10
10
12
18
</pokemon>
<pokemon>
12
2
20
20
</pokemon>
<pokemon>
13
20
12
18
</pokemon>
<pokemon>
19
10
10
20
</pokemon>
<pokemon>
19
20
15
26
</pokemon>





<npcAction>
14
10
feFjTXPrvrU6oN5



true
true
false
false
/images/chars/casualguy1.png

-16
actionObject spritely
casualguy1
d

cWzdGMfTJ8ZRIEM
</npcAction>








<pokemonAction>
12
9
L8INt3c3gYs8H9C



false
true
false
false
/images/followers/128.png
-8
-16
actionObject spritely overworldPokemon
128
llrr
d
</pokemonAction>
<pokemonAction>
15
8
RXLeczY6QdMPJju



false
true
false
false
/images/followers/128.png
-8
-16
actionObject spritely overworldPokemon
128
udlr
d
</pokemonAction>




