<mapData>
Overworld South 3x0
00,00,00,00,00,00,00,00,00,00,00,021,121,221,00,00,00,00,00,00,00,00,00,00,00-00,00,00,00,00,00,00,00,00,00,00,022,121,222,00,00,00,00,00,00,00,00,00,00,00-01,01,01,01,01,00,01,01,01,01,00,018,118,218,00,00,00,00,00,01,01,01,01,01,01-01,01,01,01,01,00,01,01,01,00,00,019,119,219,00,00,00,00,00,00,01,01,01,01,01-01,01,01,00,00,00,01,01,01,00,08,18,18,28,00,00,00,00,00,00,00,01,01,01,01-01,01,00,00,01,00,01,01,01,00,09,19,19,29,00,00,00,00,00,00,00,00,00,00,00-01,01,10,01,01,00,01,01,01,00,09,19,49,210,00,00,00,00,00,00,00,00,00,00,00-00,00,00,00,01,00,00,01,01,00,09,49,210,00,00,00,00,00,00,00,00,00,00,00,00-01,01,01,00,00,00,00,01,01,00,09,29,00,00,00,00,00,00,00,00,00,00,00,00,00-00,00,00,00,00,00,00,00,00,00,09,29,00,00,00,00,00,00,00,00,00,00,00,10,00-18,18,18,18,18,18,18,18,18,18,38,29,00,00,00,00,00,00,00,00,00,00,00,00,00-110,110,110,110,110,110,110,110,110,110,39,29,00,00,00,00,00,00,00,00,00,00,00,00,00-00,00,00,00,00,00,00,00,00,00,09,29,01,01,01,00,00,00,00,00,00,00,00,00,00-00,00,00,00,00,00,00,00,00,00,09,29,01,01,01,01,01,01,00,00,00,00,00,00,00-00,10,00,00,00,08,28,00,00,00,09,29,00,01,01,01,01,01,00,00,00,00,00,00,10-00,00,10,00,00,09,48,28,00,00,09,29,00,01,01,01,01,00,00,00,00,00,00,00,00-00,00,10,08,18,38,19,29,00,00,09,29,00,01,01,01,00,00,00,00,00,00,00,00,00-00,08,18,38,19,19,19,29,00,00,010,210,00,00,00,00,00,00,00,00,59,69,79,00,00-00,09,19,49,110,110,110,210,00,00,00,00,00,00,00,00,00,00,00,00,510,610,710,10,00-00,09,19,29,00,00,00,00,00,00,00,00,00,00,00,00,00,00,59,69,310,610,710,10,00-00,010,110,210,00,00,00,00,00,00,00,00,00,00,00,00,00,00,510,610,610,610,410,79,00-00,00,00,00,00,00,00,00,00,01,01,00,00,00,00,00,00,00,511,311,610,610,610,710,00-00,00,00,00,00,00,00,00,00,01,00,00,00,00,00,00,00,00,00,511,611,611,611,711,00-00,00,00,00,00,00,01,00,00,00,00,00,59,69,79,00,01,00,00,00,00,00,00,00,00-00,00,00,00,00,00,01,01,00,00,00,00,510,610,710,01,01,00,01,00,00,00,00,00,00
627,627,627,627,627,627,627,627,627,627,727,0,0,0,527,627,627,627,627,627,627,627,627,627,627-628,628,628,628,628,628,628,628,628,628,728,0,0,0,528,628,628,628,628,628,628,628,628,628,628-0,0,0,0,0,0,0,0,0,126,0,0,0,0,0,0,0,0,0,0,0,0,0,0,0-0,0,0,0,0,0,0,0,0,126,0,0,0,0,0,0,0,0,0,0,0,0,0,0,0-0,0,0,0,0,0,0,0,0,126,0,0,0,0,0,0,0,0,0,0,0,0,0,0,0-0,0,0,0,0,0,0,0,0,126,0,0,0,0,0,0,0,0,0,0,63,0,0,63,0-0,0,0,0,0,0,0,0,0,126,0,0,0,0,0,0,0,0,0,54,66,74,54,64,74-0,0,0,0,0,0,0,0,0,126,0,0,0,0,0,0,0,0,0,57,67,77,57,67,77-0,0,0,0,0,0,0,0,0,126,0,0,0,0,0,0,0,0,0,58,68,78,58,68,78-426,426,426,426,0,426,426,426,426,326,0,0,0,0,0,0,0,0,0,0,0,0,0,0,0-0,0,0,0,0,0,0,0,0,0,0,0,0,0,0,0,0,0,0,0,0,0,0,0,0-0,0,0,0,0,0,0,0,0,0,0,0,0,0,0,0,0,0,0,0,0,0,0,0,0-0,0,0,0,0,0,0,0,0,0,0,0,0,0,0,0,0,0,0,0,0,0,0,0,0-0,0,0,0,0,0,0,0,0,0,0,0,0,0,0,0,0,0,0,0,0,0,0,0,0-0,0,0,0,0,0,0,0,0,0,0,0,0,0,0,0,0,0,0,0,0,0,0,0,0-0,0,0,0,0,0,0,0,0,0,0,0,0,0,0,0,0,0,0,0,0,0,0,0,0-0,0,0,0,0,0,0,0,0,0,0,0,0,0,0,0,0,0,0,0,0,0,0,0,0-0,0,0,0,0,0,0,0,0,0,0,0,0,0,0,0,0,0,0,0,0,0,0,0,0-0,0,0,0,0,0,0,0,0,0,0,0,0,0,0,0,0,0,0,0,0,0,0,0,0-0,0,0,0,0,0,0,0,0,0,0,0,0,0,0,0,0,0,0,0,0,0,0,0,0-0,0,0,0,0,0,0,0,0,0,0,0,0,0,0,0,0,0,0,0,0,0,0,0,0-0,0,0,0,0,0,0,0,0,0,0,0,0,0,0,0,0,0,0,0,0,0,0,0,0-0,0,0,0,425,0,0,0,0,0,0,0,0,0,0,0,0,0,0,0,0,0,0,0,0-0,0,0,0,124,0,0,0,0,0,0,0,0,0,0,0,0,0,0,0,525,0,0,0,0-0,0,0,0,124,0,0,0,0,0,0,0,0,0,0,0,0,0,0,0,024,0,0,0,0
false
5
1
kevin
</mapData>














