<mapData>
Passage to Glooming forest
00,00,00,00,00,00,00,00,00,00,00,00,00,00,00,00,00,00,00,00,00,00,00,00,00-00,00,00,00,00,00,00,00,00,00,00,00,00,00,00,00,00,00,00,00,00,00,00,00,00-00,00,00,00,00,00,00,00,00,00,00,00,00,00,00,00,00,00,00,00,00,00,00,00,00-00,00,00,00,00,00,00,00,00,00,00,00,00,00,00,00,00,00,00,00,00,00,00,00,00-00,00,00,00,00,00,00,00,20,20,20,00,20,20,20,00,00,00,00,00,00,00,00,10,00-00,00,00,30,00,30,00,30,00,30,00,00,1345,30,30,00,00,00,20,00,00,00,00,10,00-00,01,01,01,01,01,01,01,01,01,00,30,00,30,00,00,30,30,00,30,10,00,00,10,00-00,01,01,01,01,01,01,01,01,01,01,01,00,00,00,00,00,00,00,30,30,00,00,00,00-00,00,00,01,01,01,01,01,01,01,01,01,20,00,00,00,00,00,00,00,30,30,00,10,00-18,18,18,18,18,18,18,18,18,18,18,18,28,10,20,00,00,00,00,00,30,00,10,00,00-110,110,110,110,110,110,110,110,110,110,110,39,48,18,18,28,20,00,00,00,30,10,00,00,00-00,30,01,01,01,01,30,10,00,20,00,010,110,39,19,29,20,10,00,10,30,30,00,00,00-00,30,01,01,01,01,30,30,10,30,00,20,00,010,39,48,18,18,18,18,18,18,18,18,18-00,30,00,30,01,01,00,30,30,00,30,30,10,10,010,110,110,110,110,110,110,110,110,110,110-00,20,30,20,10,00,00,00,00,20,30,30,30,00,30,00,10,10,00,00,00,30,00,00,00-00,00,10,30,20,00,00,30,20,20,00,00,00,00,00,00,10,00,10,00,00,30,30,30,10-00,10,00,00,30,00,00,30,30,20,00,00,00,10,00,20,00,00,10,00,00,00,00,10,00-00,00,00,00,00,30,30,30,30,00,30,00,00,10,20,00,00,00,00,10,00,10,00,00,30-10,00,00,00,00,00,00,00,00,10,10,20,20,20,00,00,00,00,00,10,10,00,00,30,00-10,00,00,00,10,00,00,00,00,00,00,00,00,00,30,00,00,30,00,00,30,30,30,00,00-00,00,00,00,00,00,00,00,00,00,00,00,00,00,00,00,00,00,00,00,00,10,00,00,00-00,00,00,00,00,00,00,00,00,00,00,00,00,00,00,00,00,00,00,00,00,00,00,00,00-00,00,00,00,00,00,00,00,00,00,00,00,00,00,00,00,00,00,00,00,00,00,00,00,00-00,00,00,00,00,00,00,00,00,00,00,00,00,00,00,00,00,00,00,00,00,00,00,00,00-00,00,00,00,00,00,00,00,00,00,00,00,00,00,00,00,00,00,00,00,00,00,00,00,00
5281,3281,4281,5281,3281,4281,5281,3281,4281,5281,0278,1278,2278,0278,1278,2278,0278,1278,2278,3281,4281,5281,0278,1278,2278-2278,0278,1278,2278,0278,1278,2278,0278,1278,2278,3281,4281,5281,3281,4281,5281,3281,4281,5281,0278,1278,2278,3281,4281,5281-5281,3281,4281,5281,3281,4281,5281,3281,4281,5281,0278,1278,2278,0278,1278,2278,0278,1278,2278,3281,4281,5281,0278,1278,2278-2278,0278,1278,2278,0278,1278,2278,0278,1278,2278,3281,4281,5281,3281,4281,5281,3281,4281,5281,0278,1278,2278,3281,4281,5281-2279,0279,1279,2279,0279,1279,2279,0278,1278,2278,0278,1278,2278,0278,1278,2278,0278,1278,2278,3281,4281,5281,0278,1278,2278-2280,0280,1280,2280,0280,1280,2280,0280,1280,2280,0279,1279,2279,3281,4281,5281,3281,4281,5281,0278,1278,2278,3281,4281,5281-0,0,0,0,0,0,0,0,0,0,0280,1280,2280,0278,1278,2278,0278,1278,2278,3281,4281,5281,0278,1278,2278-0,0,0,0,0,0,0,0,0,0,0,0,0,3281,4281,5281,3281,4281,5281,0278,1278,2278,3281,4281,5281-0,0,0,0,0,0,0,0,0,0,0,0,0,0278,1278,2278,0278,1278,2278,0279,1279,2279,0278,1278,2278-0,0,0,0,0,0,0,0,0,0,0,0,0,0279,1279,2279,3281,4281,5281,0280,1280,2280,0279,1279,2279-0,0,0,0,0,0,0,0,0,0,0,0,0,0280,1280,2280,0278,1278,2278,0,0,0,0280,1280,2280-0,0,0,0,0,0,0,0,0,0,0,0,0,0,0,0,0279,1279,2279,0,0,0,0,0,0-0,0,0,0,0,0,0,7277,7277,7277,7277,0,0,0,0,5407,0280,1280,2280,43,0,0,0,0,0-0,0,0,0,0,0,0,7277,7277,7277,7277,7277,7277,0,0,5408,0,0,0,0,0,0,0,0,0-6279,6279,6279,0,0,0,0,7278,7277,7277,7277,7277,7277,7277,0,0,0,0,0,0,0,0,0,0,0-6280,6280,6280,6279,6279,0,0,0,7278,7278,7277,7277,7277,7277,7277,7277,7277,7277,0,0,0,0,0,0,0-6280,6280,6280,6280,6280,6279,0,0,0,0,7278,7277,7277,7277,7277,7277,7277,7278,0,0,0277,1277,2277,0,0-6280,6280,6280,6280,6280,6280,6279,0,0277,1277,2277,7278,7278,7278,7277,7277,7277,0277,1277,2277,0278,1278,2278,6279,0-6280,6280,6280,6280,6280,6280,6280,6279,0278,1278,2278,0277,1277,2277,7278,7278,7278,0278,1278,2278,3281,4281,5281,6280,6279-6280,6280,6280,6280,6280,6280,6280,6280,3281,4281,5281,0278,1278,2278,0277,1277,2277,3281,4281,5281,0278,1278,2278,6280,6280-6280,6280,6280,6280,6280,6280,6280,6280,0278,1278,2278,3281,4281,5281,0278,1278,2278,3280,1278,2278,3281,4281,5281,6280,6280-6280,6280,6280,6280,6280,6280,6280,6280,3281,4281,5281,0278,1278,2278,3281,4281,5281,3281,4281,5281,0278,1278,2278,6280,6280-6280,6280,6280,6280,6280,6280,6280,6280,0278,1278,2278,3281,4281,5281,0278,1278,2278,0278,1278,2278,3281,4281,5281,6280,6280-6280,6280,6280,6280,6280,6280,6280,6280,3281,4281,5281,0278,1278,2278,3281,4281,5281,3281,4281,5281,0278,1278,2278,6280,6280-6280,6280,6280,6280,6280,6280,6280,6280,0278,1278,2278,3281,4281,5281,0278,1278,2278,0278,1278,2278,3281,4281,5281,6280,6280
false
1
2
kevin
</mapData>
<pokemon>
10
10
5
8
</pokemon>
<pokemon>
13
10
7
8
</pokemon>
<pokemon>
16
75
5
10
</pokemon>
<pokemon>
27
5
5
10
</pokemon>




<mapMessage>
16
14
haveBeginnerBadge

Hey you! No rookies past this point!

false
true
true
</mapMessage>




