40
roadmap
30,30,0,30,30,30,00,00,30,133,133,133,133,133,133,30,00,00,00,30,30,30,30,30,30-0,30,00,30,30,30,01,01,30,133,133,133,133,133,133,133,30,01,01,30,30,30,30,30,30-00,422,30,0,30,0,00,01,01,30,133,133,133,133,133,133,30,01,01,30,30,30,30,30,30-00,0,0,0,0,0,00,01,01,01,30,30,30,133,133,30,01,01,01,30,30,30,30,30,30-10,0,0,00,00,00,00,00,01,01,00,01,01,30,30,30,01,01,00,01,30,30,30,30,30-10,00,00,30,00,00,00,00,00,01,01,01,01,01,01,01,01,01,01,02,12,12,12,12,12-00,00,41,51,00,00,41,51,00,00,41,51,01,01,41,51,20,30,30,03,13,13,13,13,13-00,00,42,52,00,00,42,52,00,00,42,52,00,00,42,52,00,00,00,03,13,45,14,14,14-00,00,00,00,00,00,00,00,00,00,00,00,00,00,00,00,00,00,00,03,13,23,00,00,00-12,12,12,12,12,12,12,12,12,12,12,12,12,12,12,12,12,12,12,34,13,23,01,00,01-13,13,13,13,13,13,13,13,13,13,13,13,13,13,13,13,13,13,13,13,13,23,00,01,00-14,14,14,14,14,14,14,14,14,14,14,14,14,14,14,14,14,14,14,14,14,24,00,01,00-00,00,61,71,00,00,61,71,00,00,61,71,00,00,61,71,00,00,61,71,00,00,01,01,01-00,00,42,52,00,00,42,52,00,00,42,52,00,00,42,52,00,00,42,52,01,00,01,01,01-00,00,00,00,00,00,00,00,00,00,00,00,00,00,00,00,00,01,01,00,01,01,01,01,01
321,321,422,321,321,321,422,31,033,0,0,0,0,0,0,232,0,0,0,0,01,0,01,01,0-422,321,undefined,321,321,321,0,0,034,0,0,0,0,0,0,0,232,0,0,0,01,01,01,01,0-undefined,321,11,422,321,422,0,0,0,034,0,0,0,0,0,0,234,0,0,01,01,01,01,01,01-undefined,422,10,10,422,10,0,0,0,0,034,134,134,0,0,234,0,0,0,0,01,0,01,0,0-undefined,10,10,undefined,undefined,undefined,undefined,0,0,0,0,0,0,034,234,0,0,0,0,0,0,0,0,73,0-10,undefined,60,70,undefined,undefined,60,70,0,0,60,70,0,0,60,70,0,0,0,0,0,0,0,0,0-undefined,undefined,0,0,undefined,undefined,0,0,00,0,0,0,0,0,0,0,0,0,0,0,0,0,0,0,0-undefined,undefined,0,0,undefined,undefined,0,0,00,00,0,0,00,00,0,0,00,00,00,0,0,0,0,0,0-undefined,00,00,00,00,00,00,00,00,00,00,00,00,00,00,00,00,00,00,0,0,0,0,0,0-0,0,0,0,0,0,0,0,0,0,0,0,0,0,0,0,0,0,0,0,0,0,0,0,0-0,0,0,0,0,0,0,0,0,0,0,0,0,0,0,0,0,0,0,0,0,0,0,0,0-0,0,60,70,0,0,60,70,0,0,60,70,0,0,60,70,0,0,60,70,0,0,0,0,0-0,0,0,0,0,0,0,0,0,0,0,0,0,0,0,0,0,0,0,0,0,0,0,0,0-0,0,0,0,0,0,0,0,0,0,0,0,0,0,0,0,0,0,0,0,0,0,0,0,0-0,0,0,0,0,0,0,0,0,0,0,0,0,0,0,0,0,0,0,0,0,0,0,0,0
false





null
null

