36
road
00,00,00,03,23,01,01,01,01,01-00,00,00,03,23,01,01,01,01,01-00,00,00,03,23,01,01,01,01,01-00,00,00,03,44,22,00,00,00,00-00,00,00,03,13,23,00,00,00,00-00,00,00,03,13,23,00,10,00,00-00,00,00,03,45,24,00,00,00,00-12,12,12,34,23,00,00,00,00,00-14,14,14,35,23,00,00,00,00,00-00,00,00,03,23,00,00,00,00,00
31,0,0,0,0,0,0,0,0,0-0,0,0,0,0,0,0,0,0,0-0,0,0,0,0,0,0,0,0,0-0,0,0,0,0,0,0,0,0,0-0,0,0,0,0,0,0,0,0,0-0,0,0,0,0,0,0,0,0,0-0,0,0,0,0,0,0,0,0,0-0,0,0,0,0,0,0,0,0,0-0,0,0,0,0,0,0,0,0,0-0,0,0,0,0,0,0,0,0,0
false





null
null
