<mapData>
Shiroihouse_Room2
6373,6373,6373,6373,6373,6373,6373,6373,6373,6373,4373,4373,6373,6373,6373-673,673,673,673,673,673,673,673,673,4374,4374,4374,673,673,673-3371,1373,1373,1373,1373,1373,1373,1373,1373,1373,1373,1373,1373,1373,2373-7348,3371,3371,3371,3371,3371,3371,3371,3371,3371,3371,3371,3371,3371,2374-0374,3371,3371,3371,3371,3371,3371,3371,3371,3371,3371,3371,3371,3371,2374-0374,3371,3371,3371,3371,3371,3371,3371,3371,3371,3371,3371,3371,3371,2374-0374,3371,3371,3371,3371,3371,3371,3371,3371,3371,3371,3371,3371,3371,2374-0374,3371,3371,3371,3371,3371,3371,3371,3371,3371,3371,3371,3371,3371,4371-0374,3371,3371,3371,3371,3371,3371,3371,3371,3371,3371,3371,3371,3371,4371-0374,3371,3371,3371,3371,3371,3371,3371,3371,3371,3371,3371,3371,3371,4371-0374,3371,3371,3371,3371,3371,3371,3371,3371,3371,3371,3371,3371,3371,2374-0374,3371,3371,3371,3371,3371,3371,3371,3371,3371,3371,3371,3371,3371,2374-0374,3371,3371,3371,3371,3371,3371,3371,3371,3371,3371,3371,3371,3371,2374-0374,3371,3371,3371,3371,3371,3371,3371,3371,3371,3371,3371,3371,3371,2374-0374,3371,3371,3371,3371,3371,3371,3371,3371,3371,3371,3371,3371,3371,2374
6373,7375,5375,6375,0,4375,0,0,7375,372,472,572,7375,0,6386-673,7376,5376,6376,673,4376,673,673,7376,373,473,573,7376,0384,6387-7347,0,0,0,7347,2401,3401,5354,0,0,0,0,0,0385,6388-4384,0398,1398,2398,7348,0402,1402,5354,0,0,0,0,0,0,00-4385,0399,1399,2399,0,0,6403,5354,0,0,0,0,0,0,7388-00,0400,1400,2400,0,0,0,5354,0,0,0,0,0,0,0-0,00,00,00,0,0,0,0,0,0,0,0,0,0,0-6373,6373,6373,6373,6373,6373,0,0,0,0,0,0,0,0,0-6374,6374,6374,6374,6374,6374,0,0,0,0,0,0,0,0,0-2386,0,00,0,0,3386,0,0,0,0,0,0,0,0,0-2387,0,3379,4379,0,3387,0,0,0,0,0,0,0,0,0-2388,0,3380,4380,0,3388,0,0,0,0,7377,1252,2252,5253,3252-0386,1386,0,0,0,0,0,0,0,0,7378,0254,5253,5254,0253-0387,1387,0,0,0,0,0,0,0,0,7347,0254,5254,2253,0253-0388,1388,0,0,0,0,0,0,0,0,7348,0255,2255,2255,1255
false
null
null
kevin
</mapData>











