46
ShiroiField_1
6373,6373,6373,6373,6373,6373,6373,6373,6373,6373,6373,6373,6373,6373,6373-6373,6373,6373,6373,6373,6373,6373,6373,6373,5378,6378,6373,6373,6373,6373-6374,1371,1371,1371,6374,4374,1371,1371,1371,1371,6374,1371,1371,1371,1371-0373,1373,1373,1373,1373,1373,1373,1373,1373,0372,0372,0372,0372,0372,1372-0374,3371,3371,3371,3371,3371,3371,3371,3371,0372,0372,0372,0372,0372,1372-0374,3371,3371,3371,3371,3371,3371,3371,3371,0372,0372,0372,0372,0372,1372-0374,3371,3371,3371,3371,3371,3371,3371,3371,0372,0372,0372,0372,0372,1372-0374,3371,3371,3371,3371,3371,3371,3371,3371,0372,0372,0372,0372,0372,1372-0374,3371,3371,3371,3371,3371,3371,3371,3371,0372,0372,3371,0372,3371,1372-0374,3371,3371,3371,3371,3371,3371,3371,3371,0372,0372,0372,0372,0372,1372-0374,3371,3371,3371,3371,3371,3371,3371,6373,6373,6373,6373,6373,6373,6373-0374,3371,3371,3371,3371,3371,3371,3371,6374,6374,1393,6374,6374,6374,6374-0374,3371,3371,3371,3371,3371,3371,3371,3371,3371,3371,3371,3371,3371,2374-4371,3371,3371,3371,3371,4371,4371,4371,4371,3371,3371,3371,3371,3371,4371-4371,4371,4371,4371,4371,1371,1371,4371,4371,4371,4371,4371,4371,4371,4371
5375,6375,3369,0,5377,6377,4367,3368,3367,5377,6377,3367,3368,3368,3368-5376,6376,4381,3367,5378,6378,0381,1381,3367,5381,6381,3383,3368,3368,3368-7377,6374,4382,6374,3368,6374,0382,1382,6374,5382,6382,3384,2381,3381,4384-7380,00,4383,00,00,00,0383,1383,3368,5383,6383,3385,2382,3382,4385-00,00,00,00,00,00,00,00,00,00,00,00,00,00,7388-0,3400,5384,6384,3400,00,00,00,00,00,00,00,00,00,00-0,3400,5385,6385,3400,00,00,00,00,00,00,2379,2379,2379,00-0,00,0,00,00,00,00,00,0,00,00,3392,4392,5392,00-1374,00,00,00,00,00,00,00,0,00,00,0393,1393,2393,00-1374,00,00,00,00,00,00,00,0,00,00,2379,2379,2379,00-4367,00,00,00,00,00,00,00,2375,3375,6373,6373,0,4398,6373-0,00,00,00,00,00,00,00,2376,3376,2390,3390,4390,6374,6374-7379,00,00,00,00,00,00,0,00,00,3395,1391,5395,0,7379-7380,00,00,00,00,00,00,3369,3369,3369,0,0,0,0,7380-0,00,00,00,00,00,00,6398,5398,6398,5398,0,0,0,0
false





null
null

