43
Street
03,23,0,00,00,00,0,00,00,00,00,00,00,00,00,00,716,00,00,00-03,23,0,00,00,00,0,00,00,00,00,00,00,00,00,00,718,00,00,00-03,23,00,00,00,00,00,00,00,00,00,00,00,00,00,00,00,00,00,00-03,23,00,1118,1118,1118,00,00,00,00,00,00,00,00,00,00,00,00,00,00-03,23,00,0,0,0,0,0,0,0,0,0,0,0,0,0,0,00,00,00-03,23,00,0,0,0,00,0,0,0,0,0,00,0,0,0,0,00,00,00-03,23,00,1122,0,0,00,00,0,0,0,00,00,0,0,0,00,00,00,00-34,44,12,13,12,12,12,12,12,12,13,12,12,13,12,12,12,12,12,12-14,14,14,14,14,14,14,14,14,14,35,45,14,14,14,14,14,14,14,14-00,00,00,00,00,00,00,00,00,00,03,23,08,18,18,18,18,18,28,00-00,00,00,00,00,00,00,0,0,0,03,23,010,110,110,110,110,110,210,00-00,00,00,00,00,00,00,0,0,0,04,24,00,00,00,00,00,00,00,00-00,00,00,00,00,00,00,0,0,0,00,00,00,00,00,00,00,00,00,00-00,00,00,00,00,00,00,00,00,00,00,00,00,00,00,00,00,00,00,00-01,01,01,00,00,00,00,00,00,00,00,00,00,00,00,00,00,00,00,00
0,0,716,10,10,10,716,00,0,0,0,0,0,0,0,0,716,0,0,0-0,0,618,10,10,10,618,00,0,0,0,0,0,0,0,0,718,0,0,0-0,0,0118,1118,1118,1118,4118,00,0,0,0,0,0,0,0,0,618,0,0,0-0,0,0119,1119,1119,1119,1119,00,0,0,0,0,0111,1111,1111,1111,4111,0,0,0-0,0,0120,1120,1120,1120,4120,0115,1115,1115,1115,4115,0112,2112,2112,2112,4112,0,0,0-0,0,0121,1121,2121,3121,4121,0116,1116,1116,1116,4116,0113,1113,1113,1113,4113,0,0,0-0,0,0122,1122,2122,3122,4122,0117,1117,2117,3117,4117,0114,1114,2114,3114,4114,0,0,0-0,0,0,0,0,0,0,0,0,0,0,0,0,0,0,0,0,0,0,0-0,0,0,0,0,0,0,0,0,0,0,0,0,0,0,0,0,0,0,0-426,426,426,325,426,426,426,426,63,0,0,0,0,0,0,0,0,0,0,0-31,032,232,126,0,0,0,54,64,74,0,0,0,0,0,0,0,0,0,0-032,133,233,126,0,0,0,57,67,77,0,0,0,0,0,0,0,0,0,0-033,133,233,127,0,0,0,58,68,78,0,0,0,0,0,0,0,0,0,0-034,134,234,0,0,0,0,0,0,0,0,0,0,0,0,0,0,0,0,0-0,0,0,0,0,0,0,0,0,0,0,0,0,0,0,0,0,0,0,0
false





null
null

