Town
16,16,16,16,16,16,16,16,16,16,16,16,16,16,16,16,16,16,16,16-16,16,16,16,16,16,16,16,16,16,16,16,16,16,16,16,16,16,16,16-16,16,16,16,16,16,16,16,16,16,16,16,16,16,16,16,16,16,16,16-16,16,16,16,16,16,16,16,16,16,16,16,16,16,16,16,16,16,16,16-16,16,16,16,16,16,16,16,16,16,16,16,16,16,16,16,16,16,16,16-16,16,16,16,16,16,16,16,16,16,16,16,16,16,16,16,16,16,16,16-16,16,16,16,16,16,16,16,16,16,16,16,16,16,16,16,16,16,16,16-16,16,16,16,16,16,16,16,16,16,16,16,16,16,16,16,16,16,16,16-16,16,16,16,16,16,16,16,16,16,16,16,16,16,16,16,16,16,16,16-16,16,16,16,16,16,16,16,16,16,16,16,16,16,16,16,16,16,16,16-16,16,16,16,16,16,16,16,16,16,16,16,16,16,16,16,16,16,16,16-16,16,16,16,16,16,16,16,16,16,16,16,16,16,16,16,16,16,16,16-16,16,16,16,16,16,16,16,16,16,021,021,021,021,021,021,16,16,16,16-16,16,16,16,16,16,16,16,16,16,021,221,221,221,221,221,16,16,16,16-16,16,16,16,16,16,16,16,16,16,021,221,16,16,16,16,16,16,16,16-16,16,16,16,16,16,16,16,16,16,021,221,16,16,16,16,16,16,16,16-16,16,16,16,16,16,16,16,16,16,021,221,16,16,16,16,16,16,16,16-16,16,16,16,16,16,16,16,16,16,021,221,16,16,16,16,16,16,16,16-10,30,30,30,30,30,10,30,30,30,021,221,10,30,30,30,30,30,30,10-10,10,10,10,10,10,10,10,10,10,021,221,10,10,10,10,10,10,10,10
0,0,0,0,0,0,0,0,0,0,0,0,0,0,0,0,0,0,0,0-0,0,0,0,0,0,0,0,0,0,0,0,0,0,0,0,0,0,0,0-0,0,0,0,0,0,0,0,0,0,0,0,0,0,0,0,0,0,0,0-0,0,0,0,0,0,0,0,0,00,00,0,00,0,0,0,0,0,0,0-0,0,0,0,0,0,0,0,0,00,00,00,00,0,0,0,0,0,0,0-0,0,0,0,0,0,0,0,0,0,0,0,0,0,0,0,0,0,0,0-0,0,0,0,0,0,0,0,0,0,0,0,0,0,0,0,0,0,0,0-0,0,0,0,0,0,0,0,0,0,0,0,0,045,145,245,345,445,0,0-0,0,0,0,0,0,0,0,0,0,0,0,0,046,146,246,346,446,0,0-0,0,0,0,0,0,0,0,0,0,0,0,0,047,147,247,347,447,0,0-0,0,0,0,0,0,0,0,0,0,0,0,0,048,148,248,348,448,0,0-0,0,0,0,0,0,0,0,0,0,0,0,0,049,149,249,349,449,0,0-0,0,0,0,0,0,0,0,0,0,0,0,0,0,0,0,0,0,0,0-0,0,0,0,0,0,0,0,0,0,0,0,0,0,0,0,0,0,0,0-0,0,0,0,0,0,0,0,0,0,0,0,0,0,0,0,0,0,0,0-0,0,0,0,0,0,0,0,0,0,0,0,0,0,0,0,0,0,0,0-0,0,0,0,0,0,0,0,0,0,0,0,0,0,0,0,0,0,0,0-0,0,0,0,0,0,0,0,0,0,0,0,0,0,0,0,0,0,0,0-626,626,626,626,626,626,626,626,626,726,00,00,526,626,626,626,626,626,626,626-627,627,627,627,627,627,627,627,627,727,00,00,527,627,627,627,627,627,627,627
false





null
null

