undefined
00,00,00,00,00,00,00,00,00,00,00,00,00,00,00-00,00,00,00,00,00,00,00,00,00,00,00,00,00,00-00,00,00,00,00,00,00,00,00,00,00,00,00,00,00-00,00,00,00,00,00,00,00,00,00,00,00,00,00,00-00,0,0,0,0,0,0,0,0,0,00,00,00,00,00-00,0,0,0,0,0,0,0,0,0,0,0,0,0,00-00,0,0,0,0,00,0,0,0,0,0,0,0,0,00-00,0,00,0,0,00,0,0,0,00,0,0,0,0,00-00,0,00,0,undefined,00,0,undefined,0,00,0,0,0,0,00-00,0,00,0,0,00,0,0,0,00,0,0,0,0,00-00,0,00,00,00,00,3367,0,0,00,0,0,0,0,00-00,0,00,undefined,0,00,0,0,undefined,00,0,0,0,0,00-00,0,00,0,undefined,00,0,undefined,0,00,0,0,0,0,00-00,0,0,0,0,undefined,undefined,0,0,0,0,0,0,0,00-00,00,00,00,00,00,00,00,00,00,00,00,00,00,00
0,0,0,0,0,0,0,0,0,0,0,0,0,0,0-0,0,0,0,0,0,0,0,0,0,0,0,0,0,0-0,0,0,0,0,0,0,0,0,0,0,0,0,0,0-0,0,0,0,0,0,0,0,0,0,0,0,0,0,0-0,0,0,0,0,0,0,0,0,0,0,0,0,0,0-0,0,0,0,0,0,0,0,0,0,0,0,0,0,0-0,0,0,0,0,0,0,0,0,0,0,0,0,0,0-0,0,0,0,0,0,0,0,0,0,0,0,0,0,0-0,0,0,0,0,0,0,0,0,0,0,0,0,0,0-0,0,0,0,0,0,0,0,0,0,0,0,0,0,0-0,0,0,0,0,0,0,0,0,0,0,0,0,0,0-0,0,0,0,0,0,0,0,0,0,0,0,0,0,0-0,0,0,0,0,0,0,0,0,0,0,0,0,0,0-0,0,0,0,0,0,0,0,0,0,0,0,0,0,0-0,0,0,0,0,0,0,0,0,0,0,0,0,0,0
false





null
null


