<mapData>
Woods of Glory
2345,40,2345,41,51,41,51,510,710,01,01,01,2345,2345,2345,2345-2345,2345,2345,40,50,40,50,510,410,69,79,2345,2345,2345,2345,2345-2345,40,2345,41,51,41,51,511,611,311,710,01,2345,2345,2345,2345-2345,2345,2345,42,52,42,52,00,00,510,710,2345,2345,2345,2345,2345-2345,40,2345,59,69,69,69,69,69,310,710,2345,2345,2345,2345,2345-2345,2345,2345,510,411,611,611,611,611,611,711,2345,10,10,2345,2345-2345,40,2345,510,710,01,01,00,00,2345,2345,01,2345,2345,2345,2345-2345,2345,0344,510,710,01,01,00,00,2345,2345,2345,2345,2345,2345,2345-2345,40,2345,510,710,01,00,00,00,2345,2345,2345,2345,2345,2345,10-2345,40,2345,510,710,01,01,00,00,2345,2345,2345,0344,2345,2345,2345-2345,40,2345,510,410,69,79,00,00,2345,2345,10,2345,2345,2345,2345-2345,2345,2345,511,611,311,710,00,00,2345,2345,2345,2345,2345,2345,10-2345,40,2345,0344,2345,510,710,00,00,2345,2345,2345,0344,2345,2345,2345-2345,2345,2345,2345,2345,510,410,69,69,69,69,79,2345,2345,2345,2345-2345,40,2345,10,2345,511,611,611,611,611,311,710,2345,2345,2345,2345-2345,2345,2345,2345,0344,01,01,01,00,0344,510,710,2345,2345,2345,2345-2345,40,2345,2345,0344,01,10,01,00,0344,510,710,2345,2345,0344,2345-2345,0344,2345,10,0344,0344,0344,00,00,10,510,710,2345,2345,2345,2345-2345,40,0344,2345,0344,0344,0344,00,00,0344,510,710,2345,2345,2345,2345-2345,2345,0344,2345,0344,0344,0344,59,69,69,310,710,2345,2345,2345,2345-0344,40,2345,2345,0344,0344,0344,510,411,611,611,711,2345,2345,2345,2345-0344,0344,2345,2345,2345,2345,2345,510,710,2345,2345,2345,2345,2345,2345,2345-0344,40,2345,0344,2345,2345,2345,510,710,2345,2345,2345,2345,2345,0344,2345-0344,0344,0344,0344,2345,0344,0344,510,710,2345,2345,2345,10,2345,2345,2345-0344,40,0344,40,0344,0344,2345,510,710,2345,2345,2345,2345,2345,2345,50
50,0,50,0,0,0,51,0,0,0,0,0,40,50,40,50-51,41,51,0,0,0,50,0,0,0,0,0,41,51,41,51-50,0,50,0,0,0,51,0,00,00,00,0,40,51,40,50-51,41,51,42,52,42,52,0,00,0,0,0,41,51,50,51-50,0,50,0,0,0,0,0,0,0,00,21,40,50,40,52-51,41,51,0,0,0,0,0,63,0,0,21,41,51,41,51-50,0,50,0,0,0,0,54,64,74,60,70,40,50,40,50-51,41,51,0,0,0,0,55,65,75,41,51,41,51,41,51-50,0,50,0,0,0,31,56,66,76,40,50,40,50,40,50-51,41,51,0,0,0,0,55,65,75,41,51,41,51,41,51-50,0,50,0,0,0,0,56,66,76,40,50,40,50,40,50-51,41,51,0,0,0,0,57,67,77,41,51,41,51,41,51-50,0,50,60,70,0,0,58,68,78,42,52,40,50,40,50-51,41,51,41,51,0,0,0,0,0,0,0,41,51,41,51-50,0,50,40,50,0,0,0,0,0,0,0,40,50,40,50-51,41,51,41,51,0,0,0,0,0,0,0,41,51,41,51-50,40,50,40,50,60,70,60,70,0,0,0,40,50,40,50-51,41,51,41,51,61,71,61,71,0,0,0,41,51,41,51-50,0,50,42,52,42,52,42,52,0,0,0,40,50,40,50-51,41,51,0,0,0,0,0,0,0,0,0,41,51,41,51-50,0,50,60,70,60,70,0,0,0,0,0,40,50,40,50-51,41,51,41,51,41,51,0,0,0,63,0,41,51,41,51-50,0,50,40,50,40,50,0,0,54,64,74,40,50,40,50-51,41,51,41,51,41,51,0,0,57,67,75,41,51,41,51-50,0,50,40,50,40,50,00,00,58,68,68,40,50,40,50
false
null
null
kevin
</mapData>
















