<mapData>
woood
10,10,10,01,01,10,01,10,01,10,10,10,03,13,23,20,20,20,20,20-10,01,10,10,01,10,01,01,10,01,30,10,03,13,23,10,30,10,10,20-01,10,01,30,01,10,01,01,01,10,01,10,03,13,23,10,10,10,10,20-00,10,10,10,10,10,01,10,01,01,01,10,03,13,23,10,30,10,30,20-01,01,10,01,10,01,01,10,10,00,00,00,03,13,23,10,10,10,10,20-10,10,01,01,10,01,10,02,12,12,12,12,34,13,23,10,10,30,10,10-10,01,10,01,01,01,01,03,13,13,13,13,13,13,23,30,30,30,10,20-01,10,01,01,30,01,01,03,13,45,14,14,14,14,24,10,30,30,30,20-10,01,30,30,01,01,10,03,13,23,30,30,10,30,30,00,20,20,30,10-01,10,01,30,01,30,01,04,14,24,30,30,30,30,00,00,30,20,30,10-10,01,01,30,01,01,30,00,00,00,30,30,10,30,30,30,30,20,30,10-10,01,01,01,01,01,01,02,12,22,30,30,30,10,10,30,30,30,30,10-10,01,30,01,01,30,30,03,13,23,30,30,30,30,10,30,133,30,20,10-10,30,01,30,01,30,01,03,13,23,30,10,30,30,30,133,30,30,30,10-01,30,10,01,30,01,01,03,13,23,30,30,30,30,30,30,30,30,30,10-01,30,01,30,01,10,01,03,13,44,12,12,12,22,30,30,30,30,30,10-10,30,01,30,30,01,30,03,13,13,13,13,13,23,10,30,30,30,30,10-10,01,01,30,01,30,30,04,14,14,14,35,13,23,30,10,30,10,30,10-01,01,30,01,30,30,01,30,30,30,30,03,13,23,30,30,30,30,30,10-10,10,01,10,01,10,01,10,10,10,10,03,13,23,10,10,10,10,10,10
0,0,0,00,0,0,0,0,0,0,0,0,0,0,0,0,0,0,0,0-0,0,00,00,00,00,00,0,0,0,0,0,0,0,0,0,0,0,0,0-0,0,00,00,0,0,0,00,00,0,0,0,0,0,0,0,0,0,0,0-00,0,0,00,00,00,00,00,00,00,00,0,00,0,0,0,0,0,0,0-0,00,0,00,00,00,00,00,0,00,00,00,00,0,0,0277,1277,2277,0,0-00,0,00,00,0,0,00,0,0,0,0,0,0,0,0,0278,1278,2278,0,0-0,0,0,00,0,00,0,0,0,0,0,0,0,0,0,3281,4281,5281,0,0-0,53,00,0,00,0,0,0,0,0,0,0,0,0,0,0278,1278,2278,0,0-0,00,00,00,0,00,0,0,0,0,0,0,0281,1281,2281,3281,4281,5281,0277,1277-0,00,00,00,00,00,00,0,0,0,0,0,0278,1278,2278,0278,1278,2278,0278,1278-023,0,0,023,00,00,023,023,023,023,023,023,0279,1279,2279,3281,4281,5281,0279,1279-0,00,00,00,00,0,0,0,0,0,0,0,0280,1280,2280,0278,1278,2278,0280,1280-0,0,0,0,0,00,0,0,0,0,0,0,0277,1277,2277,3281,4281,5281,0,0-0,00,0,00,0,0,0,0,0,0,0,0,0278,1278,2278,0278,1278,2278,0,0-0,00,0,00,00,0,0,0,0,0,0,30,0279,1279,2279,0279,1279,2279,0,0-00,0,0,00,00,0,00,0,0,0,0,0,0280,1280,2280,0280,1280,2280,0,0-0,0,00,0,0,0,00,0,0,0,0,0,0,0,0,0,0,0,0,0-0,0,00,00,00,0,0,0,0,0,0,0,0,0,0,0,0,0,0,0-0,0,0,0,0,0,0,0,0,0,73,0,0,0,0,0,0,0,0,0-0,0,0,0,0,0,0,0,0,0,0,0,0,0,0,0,0,0,0,0
false
null
null
</mapData>








